9408
1402
4445
3007
5219
4495
4671
6755
9332
1941
3725
3234
7043
1339
9670
8318
7106
174
2245
9458
8263
8706
5119
833
7937
8041
1456
408
7528
9004
9453
2264
7918
9694
134
5389
2102
9970
9482
1952
9127
8997
1376
1999
6834
9111
5016
7090
1759
9958
3713
7644
2522
2761
476
6463
482
3358
4165
2087
4328
8491
9687
5926
8969
7099
5072
7340
5350
1923
5495
8081
3537
7642
3875
5196
6752
9171
1935
2772
5789
650
4486
7652
6810
7373
9379
6784
8272
7272
7574
1987
666
6499
8682
3475
5872
7604
3548
4693
6100
4930
4427
780
9862
9740
6561
825
1386
8390
9468
1618
373
5666
210
9136
3744
3945
2234
6085
440
3748
5132
3360
8382
4675
6364
2377
5774
5531
3879
8030
3789
8414
5306
2209
2901
7697
8298
2256
9308
686
5815
7304
9274
9092
4061
3022
9378
7714
300
5294
3741
9803
3810
7678
7587
8911
8444
2098
6866
1595
9565
7919
4357
2550
5889
4635
9523
1268
5151
5494
9401
4864
4456
1957
4179
9714
5559
2905
6564
513
8645
4211
7316
6069
5207
9579
1026
2328
2725
5922
4539
5144
7619
1801
3729
4414
8189
3057
8231
6674
9891
7421
3196
8372
143
1069
7376
8031
3433
3772
5101
6512
2347
5830
2607
3846
1291
9331
3140
4612
2259
9835
2657
7118
1219
8054
4367
9808
1074
9930
490
8921
9743
2152
7995
9192
6114
5877
6213
3063
3470
2365
5013
5618
6333
2587
2520
7944
1512
7570
4029
5841
942
1186
1802
9087
1348
4923
6457
8636
9885
2984
601
2591
4143
6168
5882
557
4459
9150
9188
6878
4725
257
1025
4959
342
9211
1953
3632
406
1329
4115
7689
4203
2759
7969
5049
82
2353
5555
8434
5044
794
7091
5766
4666
2699
3266
2396
1244
3579
6923
7464
2437
6550
9245
4260
3793
1195
1187
9564
5801
9752
3625
8628
9424
6582
5009
2863
1370
1338
7852
3828
5997
7631
5452
2233
9414
9254
9575
6351
903
299
2681
4102
898
4271
8320
1882
4225
6288
7824
5701
7761
7949
2921
1733
9514
3042
581
3648
7143
34
481
6849
9768
2951
3267
9698
5649
6895
9104
2070
9237
818
402
667
377
5238
688
4613
1646
1524
6874
9553
2125
88
4018
6427
7101
8677
5264
1736
614
9356
4122
1323
937
2073
951
710
6654
2808
517
3366
7802
1117
405
5304
6306
9991
1538
6192
7419
7517
6886
91
1482
2186
5484
1931
8069
6821
8455
7115
7253
2498
1356
8958
3726
3434
2589
1730
9045
3498
1049
712
359
6346
6975
769
7333
5142
2562
6181
4609
8935
1145
8576
8501
4627
4977
3247
9520
5631
6992
7672
2413
6206
8681
5570
8811
450
9727
7953
7660
7479
9782
6507
6541
4694
500
4674
4501
2728
2057
7045
7145
3172
5176
800
947
41
7082
6023
9367
4257
7164
9851
7658
491
6577
5594
3124
3356
8552
7777
4825
7769
1640
4762
115
9446
6408
304
3136
8199
5816
1526
7486
9007
8118
7184
1321
740
5200
5224
855
4309
6331
6227
8406
7053
4886
2819
6637
7098
7947
8108
8536
5763
6011
9839
1347
2287
8316
6094
9218
8215
9374
3447
4723
8177
1342
9559
4869
9681
9841
7433
8013
9869
3099
5210
8791
3606
2695
4883
1006
2505
9029
5915
5892
2072
7008
2731
8365
2724
7475
384
3210
3271
9114
8832
4210
7059
5745
3165
3299
6079
1688
2194
4796
4639
4804
6626
7888
6242
4998
9094
6946
9901
7015
5969
2853
1571
1577
5
3859
2572
5576
2195
4865
7935
7319
685
7829
7785
6072
7442
2860
8487
1580
7542
8617
5680
5161
7812
1967
9066
8840
5041
6448
9638
4294
4934
9295
7746
5671
4496
4084
314
927
3269
8368
4012
7920
4024
5706
3558
4239
2659
9660
6327
883
8684
8598
1661
4887
2743
580
1930
204
4446
6043
5442
7585
7190
5603
4118
5613
2511
1790
759
7474
5854
7194
6950
4444
9673
4119
6805
6001
7979
8102
9416
8100
7635
6546
5134
1366
4267
8101
4272
9276
8155
5254
5775
8227
6734
4490
8835
4975
9321
5171
6737
2818
816
5931
6329
9085
5566
4189
9303
3190
5833
6560
6246
9866
5593
6972
7158
133
7217
7004
3000
4242
3817
9976
3543
8044
215
5871
5662
2191
4931
2325
4473
3315
6397
3693
5843
3877
7976
6875
7745
7020
2124
3079
7322
9751
4576
5214
9655
3747
3491
6482
7909
4006
6022
7798
4742
6617
3130
5166
803
2067
6160
2106
1262
2380
8705
2213
7111
414
8105
3535
4076
8807
954
4153
2369
382
1578
9152
3676
2964
6382
9914
8186
360
8159
6371
956
8820
4541
3703
964
579
8464
3081
5592
7664
7694
1142
7816
4763
1561
6214
3851
9790
6826
7243
5820
6419
9369
7269
8103
6781
187
5768
3522
4411
8005
5033
2518
236
186
5875
872
6188
4173
668
8751
3952
6212
5361
4688
5812
8573
7058
3616
6405
3883
6898
7865
7046
6539
5048
8581
3578
5091
5397
2897
7495
7172
5473
2177
9807
5612
7399
6221
3805
4002
7504
4530
3071
2148
4126
1293
4722
2738
2134
9132
881
1147
4987
6999
930
6993
9988
1506
4080
5769
5596
6224
1420
9197
4397
4579
4699
6465
5818
5569
2957
915
8301
1383
6158
3424
5190
9598
4921
4663
2614
7416
6819
192
3477
5532
9899
7913
6071
1598
925
9271
8026
5209
6234
5542
8305
6597
3372
3705
5426
4008
124
1053
5435
6139
8603
5223
7738
8618
3025
8568
7759
2408
8842
8183
4794
2624
4924
3262
1569
4190
4312
9340
9837
5575
7916
9028
1553
4973
835
9302
4856
43
3394
4720
9956
1453
2474
2202
8720
4668
4951
8708
2093
1029
9283
1995
6531
4063
4933
5771
9789
4111
5850
6075
3222
5112
5672
1795
7690
4662
2717
9513
2011
2231
8004
1828
9802
8801
2123
8112
2993
1363
443
2284
5184
9753
5597
4279
9075
2615
1051
2301
5509
4385
6547
4714
9665
9697
4689
494
6670
1222
5125
3480
5073
285
1508
7863
1552
4790
9426
9293
9419
9623
4942
9460
7198
593
3335
6376
6658
3807
7507
9108
2391
1098
3840
6134
258
4546
4093
4166
9946
5824
2950
1823
9927
7206
107
6794
1895
6203
8198
2314
1017
3018
1876
2946
1857
7219
3764
2412
1318
7741
1570
6715
7586
7103
5694
6749
5274
9454
5772
4961
5620
1213
395
2763
7625
620
3014
3173
6603
4850
8895
2376
2043
6718
4829
9773
302
3268
5640
554
2390
5822
8699
9017
5169
5021
5988
5331
5504
6852
2241
1302
2359
1885
8315
7934
7855
7382
1535
8048
1687
6890
5408
6063
635
6559
3843
6568
4861
4415
3587
820
5010
3415
3848
4155
4657
7
6688
375
9876
8809
8016
3425
5982
2354
9749
1961
448
6191
9675
1993
7428
7693
4321
9502
6233
7057
9036
9095
2205
9234
5483
1184
2940
7924
6524
6432
9225
7846
459
5040
7951
6576
5191
2128
4197
1648
1030
3484
9515
9412
2240
1185
3028
3044
5391
90
6905
9006
5149
8251
5842
1695
8694
7892
6136
3878
4645
2388
3161
3406
3291
8881
7815
8055
8376
8569
5814
2344
9373
1198
6169
3653
6677
9758
8335
7925
4241
7401
7257
7634
3728
6340
146
3413
6394
3384
4108
7121
9294
7435
24
9658
6765
1853
3691
297
3681
383
7139
966
5076
8504
4157
9667
3624
6976
3376
7244
1106
4334
7887
652
3858
1334
2956
4901
8115
8627
2373
7066
1063
9320
2270
8778
1851
9644
9430
3936
1741
2492
2923
8022
7265
354
1502
6309
9086
8871
144
31
6756
8932
8485
6066
6525
79
437
350
1627
7112
4859
1742
1000
8172
7733
5732
6342
1193
8518
2718
1982
3652
3194
3865
5414
7175
484
3368
3769
5869
5751
6271
9689
1425
3884
9794
5409
3062
9647
8343
8010
7520
2379
7095
4266
5065
4803
5007
1284
979
4676
873
4065
7774
5651
8540
3600
5664
8697
9489
4950
6913
458
8539
2928
9941
6504
3909
1373
3283
6078
9824
211
1772
1776
5462
8702
7667
7441
3157
2941
802
7047
4467
7618
1634
3639
3328
7967
9090
8975
2129
431
4071
4837
815
5252
981
251
8632
1630
185
5204
2548
6485
3592
4503
3869
4344
1143
8162
9070
4004
4992
3416
5719
9612
272
3997
7881
8304
7876
6428
7122
1162
7481
5920
3302
8672
3170
3351
2364
3246
9879
1904
8473
5098
6466
9720
5900
5844
9570
7948
9485
6758
1077
1873
5481
9326
8154
5378
9383
2289
5158
9023
2330
7252
3649
4508
6261
5249
5339
4684
985
9949
5289
6250
7089
9962
4051
2781
4296
5126
1100
3556
6244
1871
2114
5365
4027
8161
421
3644
6604
9993
2224
790
8342
746
8889
320
4124
2252
6689
9498
1608
9577
7182
1270
3904
2225
4844
5955
3903
8147
8762
5343
2207
8917
6618
3852
8713
3973
149
5574
8018
8424
6640
9165
442
5140
5954
357
8071
3988
6806
5097
3187
8716
4082
6694
6494
8099
1651
3913
9994
6865
2747
5398
7087
5087
1966
1960
112
1497
2300
5463
7186
3493
2701
5337
6054
3399
3782
5583
5439
4015
3658
3374
4894
8549
2594
530
2138
5945
9220
9624
9881
7898
9069
3098
9576
5280
4278
5371
6076
7729
1583
1350
9277
869
5314
6395
1088
3198
4494
5968
806
1870
1636
8192
5535
7914
2581
939
6237
3167
8561
2351
8968
73
6289
4339
9149
2737
9974
3389
2686
8901
3272
8688
2991
1756
2856
3449
5762
8606
2420
2616
6367
8038
9248
7514
2998
6449
8309
3893
772
3998
4042
8339
1440
1483
9202
1586
7177
5197
2534
160
7463
3011
8744
9429
7125
7573
436
3113
3024
4732
9456
9759
600
4060
3060
3229
6356
9583
7313
8236
1274
8886
2262
5092
9435
5061
1991
3656
1038
6008
932
4681
1585
3451
9123
9868
8294
9676
6265
7147
4573
6988
6450
9096
9190
1459
4139
8399
1609
8904
9480
3185
5571
6274
173
1412
6493
6279
1072
3391
8761
4395
6672
7440
141
9346
6621
4003
1071
5212
908
709
7680
2010
7326
2809
7268
3821
6738
9709
549
7832
9488
3932
2001
9073
6555
5951
3692
5189
9411
2755
5765
8050
7593
3689
1173
643
7597
5785
206
9339
4368
5793
7544
6630
7403
8855
1899
7214
4240
3583
4867
1491
4480
2472
9359
6110
2666
5781
7480
784
5668
229
8276
3836
2665
4932
3184
8277
6573
5984
5645
3525
3781
4874
97
9700
5165
9177
1387
5201
6052
514
2770
1494
8596
6354
9242
4805
1723
2769
6721
5388
9327
5334
7309
6743
5736
890
9288
8312
7325
606
2480
9532
1665
9250
1905
3336
8181
3566
5938
9375
6385
6024
1513
8275
5654
8531
544
814
4160
166
3442
7137
4525
9310
4686
829
1746
8965
3573
4591
9476
9518
2429
1919
4171
3496
6291
9889
8783
2893
1464
2196
9640
2147
6153
2069
4552
5539
6248
2631
5629
9119
8394
5382
9
5355
2363
7959
8341
6479
5299
331
1998
664
950
8850
7247
6989
6606
889
3211
7429
4727
471
5810
2832
8079
362
4514
5183
1450
2556
1589
5855
7702
3659
7748
7034
8619
6205
6761
2644
2242
7406
9622
7864
6020
9860
3102
8324
1233
9651
1392
9423
2460
7965
9848
4920
7531
3100
1488
3083
2775
1164
8931
6796
798
1304
5489
1249
2953
6745
2896
1673
1896
6141
2501
2203
391
130
3192
3163
5155
9166
9507
8059
4599
594
8704
3073
5327
3655
46
1122
8297
6240
8937
1181
3139
8907
5934
9938
647
7356
4700
4498
5077
3106
5239
4532
4460
8164
6770
7279
1557
2867
1328
1775
56
4109
9693
1003
4633
7088
1838
8980
1018
1948
860
6854
1221
1945
792
7807
3992
3629
4656
1767
4174
3029
3121
3176
2204
9208
6003
1537
9894
5026
2352
6624
791
4164
1264
3760
9039
3357
6154
5247
2236
1582
8711
2193
1632
2080
5228
9041
5488
9588
5941
2530
7083
1111
179
8894
3405
4396
8547
1765
6056
9678
7952
1788
998
9032
6729
3053
7417
8474
5996
7392
7615
9754
5683
7999
8579
9285
1124
3911
924
4481
8063
8774
777
762
7496
6710
9389
9704
3665
4978
3901
7662
8571
3935
7612
4477
9128
6173
11
3341
7563
8898
6636
8732
1436
6664
1799
4673
1929
4509
5385
9874
1862
3459
2417
5422
5146
7328
4997
5759
4085
9341
7019
4536
1409
6084
5743
3452
8302
2799
1151
636
4537
2493
2111
8300
1835
9510
785
8462
4431
5062
2906
1757
6478
4277
8957
9797
6137
8503
6633
1254
5963
2664
279
8477
4891
8237
9857
9898
477
3696
2922
3429
3150
7874
8852
8544
5558
1656
2989
9508
737
2478
9765
1463
6434
7929
1990
8111
6403
2837
5307
4846
8191
8478
808
6393
5994
3084
8826
8919
907
526
3129
7555
6578
4862
1180
5918
2431
610
4409
4524
1444
3822
2704
7027
7972
2005
7238
7715
5399
278
9290
4038
9083
3667
3513
5940
2803
2029
5117
9746
4897
9057
8075
3275
2187
207
8976
1965
3285
7730
203
4196
4513
8664
4315
7296
9872
4408
1700
5278
1349
4504
6791
6472
4815
2156
9125
9170
5711
1007
2987
3771
7724
8133
6645
2174
1131
5880
4020
226
3454
4562
7152
3646
410
3978
8015
1084
4774
9219
9900
7882
3553
2132
3086
3597
1158
63
3871
1479
475
2981
8278
4517
3538
2484
1138
4702
1789
2833
6696
2491
7393
9406
6216
8160
3082
6476
6236
6569
8615
4475
4406
4835
9600
172
4146
7911
2766
8208
8090
6858
2142
910
2564
5738
1312
3803
8310
8910
7535
368
2513
2878
9398
4162
51
6241
5240
1521
48
918
180
6545
7511
1579
7716
5056
9258
6475
2536
2157
2576
4882
9663
5348
1744
607
9924
1207
4896
6028
9116
7698
497
8413
7505
4057
4849
5492
2974
6468
1909
5152
7275
4788
723
5894
8879
4556
1911
3213
4596
4356
2081
4734
4497
8867
8158
9296
1833
6809
1768
268
3888
1082
9798
5496
117
989
2912
8453
6424
244
6964
1603
1085
2546
8800
5418
8242
3215
9805
6215
1267
6099
2084
3337
5032
9159
3919
6591
3142
1203
9042
720
319
419
2450
7862
2237
5342
3596
3428
4369
3279
9385
3620
3889
9528
2700
6509
9394
1432
8666
783
2490
6017
9679
1962
3607
4098
1182
3435
2483
1332
4615
8117
6537
238
2145
8134
3670
2179
9795
838
7305
5114
44
9943
6785
246
3680
8712
9734
6044
7028
8494
5263
8065
3710
2982
6280
5202
5741
742
9766
1357
7200
3743
5413
3108
7589
4036
8874
4738
853
4751
1689
3601
4817
5255
6641
8860
8768
8303
8775
3651
2140
3605
2146
4852
8650
7607
1523
4250
2890
3369
6123
9732
8819
9581
2463
2119
8875
1055
5544
4148
5973
9960
5157
2378
9052
4201
6004
8426
6400
6984
9315
2422
1825
805
5886
5553
6283
1127
5960
108
876
9105
462
4557
8325
9737
4264
1821
5827
2767
5018
2887
7470
6047
9148
540
3298
9193
3801
6997
8089
7666
6766
8597
6068
3378
6502
7737
523
2540
9605
2371
1613
8529
2829
9461
1546
427
3922
239
919
4703
3133
5035
2085
5060
2779
387
8769
6423
5847
5170
4418
2486
5696
9013
2028
902
2046
6990
2421
1446
9664
4398
6102
1256
4772
4500
7395
9049
5809
4889
6461
2230
10
1575
3117
8888
1840
7623
7755
5925
2368
1731
983
6885
2754
8244
4583
8369
7978
9344
4875
6740
5346
6719
859
6183
4441
5998
8173
5123
2934
103
6292
3245
6570
7703
754
3770
563
5514
6165
9828
5020
5401
5057
2109
957
1258
5901
1806
4310
3930
7977
6722
1709
6413
7355
2465
8667
4170
8032
2729
1169
2091
776
1235
6891
8057
3949
8574
6897
5236
611
7055
8142
5301
3058
463
220
575
5089
4114
2409
8556
5177
7469
5655
1353
6685
1021
1548
9240
7633
1550
2793
9215
1514
1434
8950
3362
8831
5358
7465
7548
1358
4156
3400
3444
4680
4619
9762
566
5647
6196
9963
8234
9334
7974
1288
6370
3796
4827
9906
72
6091
1564
1209
3737
3809
8738
2635
2035
6845
5547
4031
3844
7990
4586
4913
6339
5800
5975
2648
3841
8844
6050
6299
5447
3349
3683
4945
9944
1466
1405
8638
7543
7931
5510
8014
576
2733
749
5271
4836
4840
7728
4670
5446
7657
8506
9280
1753
8528
1729
3526
9750
6429
1458
8909
2184
5457
3642
2557
7502
8120
16
9160
1737
4215
1563
1335
4603
2296
5423
1462
5069
5632
3103
1345
5515
2166
9969
5887
7720
8049
5715
6035
250
789
296
8665
28
3594
9829
8668
730
5154
8994
4138
2708
110
6535
2524
4056
8877
5798
271
8724
3674
6436
7826
6529
2433
8086
5980
9257
8566
1196
4019
9176
2852
813
1875
7568
4748
1013
159
4246
5283
158
4916
8338
7598
6844
456
8505
9500
2841
4348
2590
8356
1325
7650
7578
8779
9455
7195
4965
5707
1422
2817
5677
3265
5690
3288
6505
3907
2872
8119
142
4787
8787
1792
2959
6491
1854
1211
1696
3004
3599
2452
4926
7297
2898
1401
6662
3162
5724
8582
7954
2756
5055
8941
9043
6471
1637
2197
9707
7241
9151
1275
9421
9544
6112
6201
1126
5635
5780
1860
6129
1469
5966
1265
7940
4593
7077
6446
6760
3512
8737
7161
6709
5884
3847
7033
4476
4067
6702
1009
4770
374
4549
690
3939
9024
3873
8219
9404
2854
9822
9284
2552
8205
9636
7048
9097
485
2966
171
9098
644
5881
2131
7443
3896
5251
1259
4107
8608
3223
3611
7357
2551
9996
4025
5081
8500
1682
7337
365
3481
4866
4220
9452
167
7407
2889
3292
8848
4181
3072
4895
3182
1812
9247
7732
8808
4653
7398
1592
1322
9646
3296
457
3734
1171
9741
8467
1780
8670
7013
2739
4416
9484
9760
6851
2866
7051
5734
4351
586
4845
9671
5993
4641
5795
7778
3700
2800
2967
926
444
2130
3418
5006
1743
1247
9438
1054
1269
5403
5376
2908
6330
313
7627
6121
5474
9494
3036
5756
4892
8246
434
585
8792
5156
498
9161
1758
8019
913
9203
1902
8546
7731
8461
290
2888
3854
147
5669
4410
8261
1398
7712
2925
3311
5737
6437
4087
4290
5455
6252
2727
1384
5648
4324
8408
2771
6513
337
5070
2261
1652
4617
1815
2826
9939
6359
1341
7230
3906
2633
9816
7975
3326
2500
6343
7039
4572
1664
2825
5697
1388
7834
5511
7831
7270
3080
7903
9975
8999
2212
1926
6178
8224
9328
3043
7893
3148
2311
6817
5619
3785
3122
8629
8128
1327
7804
2802
8558
884
4941
2064
1303
2220
5042
449
417
9386
5804
2457
6122
3645
8348
703
2969
2050
3721
2200
4358
9222
555
6731
3309
6062
4458
2163
7068
9814
4068
2822
2918
1400
2894
9267
1292
2586
7747
1910
7408
441
7234
8944
4701
8614
5978
7075
6692
5828
6193
2506
4900
3650
1641
9349
8274
6841
85
7292
4320
6549
2603
315
6924
6856
2232
5405
4746
8899
5643
460
678
8296
6038
6440
4946
9529
6251
1314
8978
6592
2223
439
5312
573
1800
8292
7683
5024
2658
9683
3974
1231
1052
870
3
8144
4293
632
168
6956
9821
2402
5379
7134
4275
3293
8328
7396
7551
7602
847
9911
8651
8739
6336
1024
6864
5897
3727
2865
4112
3055
2605
6925
962
4451
8398
8560
6574
2543
3264
6426
2848
9728
2189
7336
5333
5093
6711
4297
1116
7349
5427
306
6667
8896
9788
9886
912
615
9715
6151
9690
1041
9462
7489
7436
2362
3054
2862
3776
3969
3881
6347
975
1161
2141
6458
1979
9102
8757
2570
6232
358
5867
6707
1206
7742
2515
1115
9917
4855
9535
2687
9472
7599
7670
333
9999
7239
6557
7344
1503
7871
1807
3567
1067
4507
2185
8126
1872
7451
8222
6143
6051
1908
487
7764
1473
3575
8634
8204
3209
3005
4097
3273
6037
1437
1720
4995
8971
2764
618
4903
2291
3312
7273
7503
900
30
891
2476
138
4349
931
5357
2915
7651
7414
857
4455
2868
4568
1125
3830
2627
9933
7739
2063
5110
6970
9543
9287
7402
4325
1372
7845
4026
5718
7654
3306
8282
1079
9567
7554
5052
8293
1156
1685
1522
5445
7204
5577
7797
5004
7445
4404
1657
2715
9606
1253
7707
9594
8866
4779
3561
1621
4390
372
1337
4526
2274
5874
9093
9185
8949
6162
2470
3931
916
7069
1205
2958
3580
8193
2065
5000
1950
6362
1200
7065
2723
1749
3527
1330
5866
9509
8700
7987
2032
3528
6145
6657
3959
2980
9780
1972
9281
6045
2569
7168
5424
3633
6337
3820
499
6595
9440
3008
8534
5693
5859
5111
7687
2937
6955
6498
5051
4554
1001
6526
7127
7468
6967
3824
307
6589
8749
9358
9015
8441
75
5517
5615
5213
5094
7202
385
2736
4152
953
5351
8319
8104
376
393
559
804
4823
3409
3256
5709
3398
1724
4834
6726
7792
5529
4216
8851
5876
4237
9511
8379
7668
496
5907
3417
8431
4208
9589
6648
8377
2215
3823
1849
689
1747
8150
4064
7170
5182
1863
9521
6189
2760
2136
4188
3833
2329
5471
1698
2037
6609
1658
8062
2456
6883
9711
4261
9688
6783
9403
779
2350
8854
7695
5929
5082
6497
2277
2317
2864
2386
5549
5977
5479
2306
8920
7462
1672
3546
3804
7629
6176
8096
2685
7263
8432
6566
518
5956
2831
8924
673
2341
7193
2497
7782
1080
5543
8766
4383
5932
2307
1576
8764
127
3814
7958
4717
8781
7966
4191
7928
21
2467
1638
5723
1242
4094
5276
380
8393
6009
3430
7848
1495
9888
6195
4970
1712
4644
3962
9390
4288
9495
547
4929
8046
8592
227
4127
3227
6077
3404
3686
5638
1869
295
157
9986
8659
1940
9089
4984
7626
9951
5106
9204
2873
1407
5702
3126
4697
5387
782
9506
6686
1433
6469
1584
4667
5660
7608
2578
2924
2694
7285
7410
1174
9201
2395
2601
3780
2693
8374
495
3076
7383
3971
7228
5835
5404
1813
8143
7537
7240
4778
8334
9769
10000
6903
1299
6698
960
9486
4110
9467
4936
9388
714
4782
4564
6149
1645
2976
5270
7467
2812
8620
9199
1365
4792
4407
2383
7000
4758
9352
1382
3224
4938
8767
6177
1298
5665
4291
1309
3120
425
7389
9470
5522
946
4420
5505
8590
61
3091
8388
7372
2583
4149
8859
7872
8655
3678
2995
3237
7878
8495
7549
5990
5037
2468
9813
5832
2806
3518
9844
8480
512
2019
5695
2051
8703
2954
3887
3937
3839
6632
4147
9343
5913
3301
4971
4285
2494
7498
162
2697
5116
6379
8163
8510
3090
4194
4359
9187
3040
602
9913
3396
7835
8647
6441
3761
1232
6490
1694
363
9448
2366
1515
9371
4618
7294
2938
5725
736
9621
6598
4066
4854
8813
2965
7123
7348
221
8225
4595
8306
4876
3095
9649
9926
8868
3990
6871
3640
6106
7853
7906
1355
831
2653
5225
1718
3020
6164
6571
7476
1076
4090
9078
2229
2623
6616
2795
6691
3866
7550
713
9313
2272
5685
7594
9297
327
2690
3110
6255
6120
1798
7775
3918
1777
1101
520
6399
6447
9519
4432
6942
7323
2560
2336
4247
9552
4221
7166
7590
5269
1643
4578
6572
6034
15
4990
5300
6484
7438
3324
5429
2425
8367
7341
6631
5178
1411
8884
5019
4989
9282
7970
8450
3980
4512
8284
8914
9272
6204
7213
9324
9445
8821
2442
451
8836
2985
3078
1785
9708
1415
4569
5895
3638
5188
9584
8378
2960
54
4086
4442
3151
4868
4424
7010
3441
801
1660
9925
2153
4457
3109
9763
8007
6522
9099
748
7766
4450
6857
6716
532
9447
3714
9954
1590
1604
8954
5849
9365
1667
6239
4793
9010
7379
6108
2238
1701
84
4985
2016
3348
5823
6421
727
920
8107
2151
9590
8195
4858
6171
1447
3622
6705
5383
4096
4183
6293
8721
6126
7620
8522
6872
3485
8630
9952
8523
455
4824
5681
823
8179
3706
5747
4721
1471
7061
9016
4715
6855
1891
6328
1066
5256
17
9852
6324
676
288
9615
7630
9291
1099
3048
8828
4176
241
9826
663
2075
9117
7779
3240
5235
4650
3233
3722
2649
99
2056
3917
2842
2321
608
4073
7521
6325
8152
3254
7482
8988
8269
2004
4754
7905
39
7588
4519
4072
509
4581
6787
9810
4033
6229
9154
8116
7891
3202
2303
2355
905
8190
1305
3115
6401
2444
6614
7762
3695
502
1487
8661
1969
2339
3367
9501
3332
7910
7866
3037
5128
766
9286
7795
7936
5466
7809
8551
4826
9916
1581
5560
9572
9342
5857
7080
5753
9968
256
4182
6994
1315
4273
6430
9637
893
5458
3630
9550
5222
7368
4256
1351
269
1050
6521
7796
9251
2115
1933
9499
9175
9305
2529
9682
8731
1039
1016
5288
4317
4361
7365
5836
9443
9082
3920
8036
8466
2266
8929
5053
4387
4964
3085
4588
8812
2410
8853
8308
5096
9685
2891
757
665
7701
9044
8803
5573
1877
184
1739
1551
704
303
9873
3825
6812
1810
1669
2038
2127
8362
7321
7212
233
9174
4764
53
1842
9998
7572
5102
2112
760
4041
2454
5068
5700
9065
7840
7558
8995
8024
9627
5265
9071
7576
3261
8094
5468
8360
7007
755
1536
9932
2244
438
3661
781
8012
5617
6041
8350
6527
5375
508
4980
8735
8221
5137
8489
361
3238
74
407
2582
9880
9051
4658
153
1829
8559
3868
5903
3143
3069
7050
2448
4499
3379
2698
4228
6086
8139
9115
917
2117
29
189
4384
1541
23
8095
844
1980
7404
3891
8562
5856
9985
9178
5025
799
4079
7278
3570
9479
2192
2517
6445
2622
4648
287
8520
4301
9407
8482
7367
8918
3682
6558
242
7534
5744
879
7471
9558
6562
6373
9547
8986
1822
1888
3466
6879
1675
5217
77
2092
9755
2830
8771
7793
8833
9209
8258
3432
1893
8554
4327
9062
8913
7907
7622
7063
4631
5353
8962
6782
3456
5506
1827
7226
9542
899
4589
1650
6693
541
8959
1678
1075
2251
1364
4781
235
4677
6908
6296
2851
6407
7801
5103
3766
662
2654
3039
7873
4747
7035
6519
1841
22
1674
1361
7679
3514
9582
1140
6357
5838
3530
3214
4750
505
6906
3718
9167
1983
6061
8856
7806
2807
6275
2464
534
9669
5803
654
4713
4140
7183
399
6703
9180
3168
8017
4831
5104
1834
8673
4601
6723
1612
8110
5650
3532
8612
6930
9723
182
5530
5585
6646
3147
4621
9019
5313
6295
1927
5412
7579
7708
4795
7458
7215
6381
4695
7684
1129
1917
3216
4169
6036
8314
8188
324
9530
7617
261
2523
1148
3468
5173
5652
5199
1119
9034
4813
1751
7736
6725
4413
1324
8053
62
2875
4828
9436
1605
8498
3957
8726
1594
2679
5139
7162
3631
3704
6322
837
6540
3313
8817
7397
8355
2275
9548
2716
811
9557
4620
9817
9604
1230
7722
6015
123
7734
4059
1529
7603
6048
4860
4048
2074
2443
9896
9735
9164
7129
2150
7040
5791
6653
7996
1642
3321
2278
7078
253
5436
6025
8229
3075
3492
7908
132
6087
3672
696
6958
7199
529
2602
6515
8572
3031
9020
4888
8470
3191
6368
2634
5802
26
9909
6952
9616
6510
4245
6769
8238
1710
8511
2628
202
2971
4263
379
4993
5621
9278
9870
9757
9534
5279
2913
3590
2992
2310
2079
8182
5499
2318
8484
2298
4550
7232
2886
5992
273
7105
1824
4465
5825
6916
8727
1711
4665
6378
2823
8136
1391
7352
3317
3792
2978
6622
1600
6751
8743
4236
4400
3874
9431
4262
5948
2436
3895
7245
5407
560
6157
621
9008
2453
165
6223
726
5308
1090
2269
1947
1176
2014
9413
9830
5848
4394
9617
6014
5366
8265
5581
2401
8517
5364
5074
1251
6928
6412
7669
4401
7583
5135
7580
8289
8003
4470
9602
7330
9526
4045
2689
3523
923
8008
7624
2533
5713
8940
4375
4597
2948
7104
1403
3381
8281
6501
2006
733
6369
3589
9434
2297
5986
8878
7261
1755
2161
1245
9895
6392
9747
2015
2282
3330
5858
2676
2813
8626
4847
4655
1989
1906
707
5761
4095
5989
9336
5520
2387
4386
8593
9169
9525
9405
4744
6098
671
2315
3359
7524
9538
1047
3221
7457
4466
9061
7254
318
8403
3965
2979
5561
2276
5064
2217
9255
2608
8763
2120
8366
2126
9947
4483
8891
6839
6452
7867
4907
6319
8990
1951
2434
8906
8363
8034
9643
921
5395
2451
629
1445
4783
341
1300
5099
3239
963
1227
7369
8380
5682
2381
6065
8151
7001
2535
2776
228
9989
4661
6968
4101
3926
1663
7841
7721
6921
3197
8295
9364
5958
4040
4871
1224
1114
1865
9396
8883
7923
3462
7293
1319
6156
2609
1501
8209
1532
5749
2181
6911
4839
5633
1183
2790
7998
7110
7002
6170
6018
503
4229
5107
6610
1668
941
3991
8938
6552
906
6398
1702
5987
4706
4996
683
1555
5079
3507
8157
5302
5853
5449
3070
9650
8945
4104
2169
164
7197
2773
5606
9221
2746
6039
3277
3862
6901
6730
969
3074
2836
2929
9811
9890
7508
6489
6880
7509
8548
3987
7773
6433
3160
2023
1597
59
7308
8633
1163
7545
3679
9918
7362
7791
3519
32
7163
6174
1622
5266
1719
4559
9437
698
80
793
3757
93
6443
5962
5311
4771
3835
7093
6673
7315
9910
7022
5194
3563
429
1490
9059
1095
603
3577
4841
1031
4044
977
6551
5296
4843
8033
5784
4516
2235
824
461
4873
8964
6767
8683
7477
8233
4308
249
9249
6912
445
3325
7763
2561
2283
6231
5131
7710
2563
3289
6444
3255
8865
4983
642
3199
2335
3331
3581
7547
5602
5485
9843
5910
5716
922
9920
1032
5952
8445
7765
3982
1949
5783
2880
9568
5136
1915
4735
1367
5970
8770
6567
9871
3562
3774
7985
4757
9786
2430
5562
2424
7567
5788
8264
6207
9304
8622
3773
8952
8268
936
4251
6534
9883
7358
7861
2844
3443
4125
2566
4292
4010
4652
2827
4643
9503
8786
4212
7016
9216
1478
7655
7800
8541
6358
2414
1352
1847
1301
1093
6635
7038
8047
9196
708
9100
5141
2927
2751
4472
795
4180
5813
2462
2178
5717
7086
243
9858
1977
7400
6027
2710
8419
1774
5787
1404
9037
2375
8777
6046
9345
6185
3297
8967
1443
1413
9733
5109
1486
7354
2288
415
65
2849
259
5323
3545
8452
2528
5059
9226
7685
4669
4287
4768
1892
2509
3116
5684
1540
1210
3339
3552
6935
1784
7818
7180
6612
535
4819
7332
9642
3286
178
1997
5919
2507
3929
8475
9537
9464
3258
2858
422
6302
177
1257
6786
6005
9937
7560
9163
6105
6081
7423
5930
3731
7493
4560
2555
2726
4543
4268
8043
7674
7209
3569
2487
3420
9726
1704
7447
100
9633
8402
3472
5961
1918
1194
4137
6828
5727
8693
897
3281
2221
5345
840
9496
7823
5425
599
9046
2882
5058
6344
8822
1389
8174
7854
8671
8383
3077
2933
1278
8939
3088
894
3855
5095
8098
121
2086
4728
6650
6932
7335
1699
6483
3762
9796
4698
7071
7138
6853
9756
8273
8228
5147
6742
6321
7749
8141
8185
55
3746
3736
3455
6954
4857
8138
8601
1628
9217
8648
6454
1820
545
4234
4377
8695
1167
8073
5605
6021
5807
1970
57
764
2620
9038
6757
6581
7946
1333
6713
8845
1012
7525
2762
8149
8109
9554
5722
1087
9025
7036
2541
4259
6286
6548
3582
4683
4184
2579
9072
1773
3263
6800
1441
9626
9819
4952
5564
1035
1614
7894
2149
1554
572
4023
89
830
6184
9945
564
1611
131
9585
553
7541
4917
4405
4177
7329
6516
9833
6301
8169
9300
2253
3402
5567
3200
4302
3544
5242
597
1423
5912
7964
9619
8662
4898
8206
1988
5179
1635
6243
7501
4130
7646
7218
8435
2688
6808
3697
447
4544
3707
4904
255
1596
1439
8516
6016
7032
4660
3890
2542
4789
1958
5563
8916
4075
8537
5416
9699
8422
7837
1485
8989
6093
4521
6150
1601
928
3220
1160
5497
6979
7519
4168
7957
4145
4314
7062
4282
2943
8153
8423
1874
3377
583
6627
247
6974
6030
412
6175
3834
3016
4134
8196
4547
1602
4678
3529
116
6314
5246
4258
8869
1289
1296
7267
3023
7258
7638
758
7656
3708
5071
864
4028
2356
6460
4437
7334
9620
83
4743
4151
270
8260
6628
2640
5478
7117
2595
8029
1241
1956
7805
5726
2845
3137
741
5230
4540
3017
8207
574
725
49
3201
4374
8353
1691
7375
682
4463
3426
5359
7621
281
9238
8915
7636
9972
489
3751
1452
807
396
2216
3467
9263
5282
1092
3097
6285
992
3795
2482
1684
705
2281
2791
386
4585
3104
9101
4944
5208
6366
1943
8459
3066
8955
5394
87
2870
6580
222
7287
2049
2342
674
3343
4632
7530
5421
6980
4354
4570
6991
5438
2108
6159
625
1525
7363
1844
7756
8469
2637
3158
911
4797
4178
3112
4005
5127
8829
4752
4878
8243
9317
262
1544
4039
5133
9730
3694
9702
8607
6798
1113
3842
6276
3759
3791
4255
562
3064
4330
9307
8933
3634
6666
7361
9121
7092
8998
5138
5584
3927
9269
95
8361
5298
7490
5464
1921
3423
8412
7561
1763
198
6867
2730
775
9919
9512
8690
1572
8410
312
170
9457
506
2508
5448
5679
7207
7434
6682
9003
9231
6700
2512
5623
1886
7109
4791
9593
1172
2668
7288
3555
9536
8070
5911
9129
5233
8563
7896
9224
3609
8352
4561
8241
1457
4129
1559
7743
8463
3621
6350
5281
9783
8454
8773
1887
3186
4753
8521
3276
8654
4740
7006
6639
3407
1168
1922
2105
5545
2394
7224
6973
9596
6146
4329
8488
1633
978
7223
7912
2904
511
4340
638
9533
2397
5372
7686
4605
2392
8613
3316
9264
6962
4928
7067
3612
7754
4295
874
6977
5326
4443
5003
2076
7456
4195
959
3540
5837
3688
7079
5206
370
6473
252
796
2577
5624
2173
4523
7444
3976
3549
2780
8862
7613
4962
3145
3012
3551
5908
7927
8605
885
2290
7148
974
5578
836
7262
3015
1507
5905
6481
5029
4880
2090
3119
68
4799
1868
7236
7185
94
3457
3902
5572
2655
6594
770
1574
1438
9887
9608
7259
9001
5287
9931
7387
7171
111
5507
8903
3788
2327
4034
7605
7427
4893
8846
8953
8754
7825
8961
7432
6792
2811
3635
5220
6697
9055
971
4423
8942
7506
4069
8087
2815
8689
193
8525
5349
542
371
5949
8578
4741
8052
1708
36
9079
4487
9884
8600
7054
6500
2305
339
1816
8140
6349
200
8216
3671
1920
5971
8175
8718
3977
1377
3662
4493
205
1509
3924
3019
3067
9409
6764
5491
4393
9337
1787
3756
5778
2280
6777
3619
2095
2788
3395
5393
4382
7858
2447
4809
3353
135
4571
8401
9418
9077
3664
4592
2337
1866
7890
4226
6995
9742
5534
3354
104
6254
4690
6474
9410
2930
3002
7758
1727
6514
8515
3013
7992
5273
4974
904
8652
8823
4417
3504
4363
7391
7286
861
5503
6917
6264
5402
5914
8963
8880
7176
5870
6455
9778
6593
5674
5148
7675
6272
7174
8476
6699
4853
3174
369
394
9210
9966
2936
4448
3371
5320
8280
3564
9363
6985
397
6200
4726
81
9672
5129
2210
3598
7640
5231
6909
2696
6720
6462
120
867
3422
4838
466
7961
7044
9063
9812
3626
7770
538
4355
8637
6415
3790
5036
5641
6453
999
1421
3765
9562
3338
1976
1033
1260
5232
1599
2567
1928
2617
589
9793
6488
4808
3248
9806
6080
4707
955
9549
2103
1460
2881
2721
5546
1934
1155
4054
4280
501
767
4818
5472
5015
5661
216
5344
3411
7448
9540
1132
5622
1968
9836
8930
4403
7242
7512
6712
9227
634
8797
2714
4630
9613
895
8060
2219
6876
6131
1037
2250
1424
7787
7151
849
5386
8992
2963
3585
7784
5347
4724
5556
1435
2613
9354
4270
8499
5467
2013
37
1811
4912
6060
6986
1190
9491
5675
1108
6323
531
4982
9846
2370
5229
8830
5162
334
4244
9422
214
4522
4337
6750
9368
2481
6187
6811
4842
3226
4730
8805
4885
7343
9705
2199
6815
850
433
8609
2677
392
2309
1199
5417
901
9142
9260
5234
7029
697
6789
483
5628
5150
2680
8631
4389
2324
9182
1677
9716
1279
2722
6313
1852
8755
6172
4274
4909
819
1027
8218
8123
5315
738
1826
5777
6228
1091
9253
7187
6130
2332
4810
3740
4785
5760
7377
6167
7220
3189
2909
7955
1986
7943
2294
4360
8780
5991
4376
3628
9545
4870
657
9459
6311
2970
5011
3021
2945
7076
5568
9527
6894
3955
1728
5524
5360
9181
1252
6775
3500
6642
623
4584
1971
6411
6575
4307
7306
6629
1764
8299
5673
183
6345
6837
4434
1959
9695
8084
7466
3944
6533
5352
9935
424
5034
5259
9262
3494
4542
1036
6486
1974
8752
3065
839
4243
5045
8121
7991
8674
888
3608
2172
6586
6119
2466
8457
1057
191
8493
7181
2308
7828
8217
1587
7318
2843
7986
4233
1954
6896
1556
5659
7074
4089
3610
6198
4043
6013
2018
9981
3138
3476
5275
4979
745
2082
2293
2009
1343
6127
1644
6404
3837
8979
230
6538
9845
2419
5324
9892
9107
5550
6406
14
7997
7169
7522
8420
2316
5811
1280
5582
8873
3813
3132
1061
8497
5322
7569
7081
1814
5826
2532
3946
6843
5475
6753
8245
2911
2846
4800
1175
1468
9967
8508
1310
976
5377
4163
4766
3383
5630
8756
6998
5526
474
1858
2227
5336
7851
1939
9444
1883
3797
1133
7491
6375
1705
5974
7149
8583
2260
7302
8373
3375
659
556
8006
3941
2343
1083
9971
4193
8027
4133
972
5180
3572
7153
2101
1094
527
6470
4711
5792
2619
7256
4749
4902
6197
6422
4136
8421
3534
7895
9420
7939
6058
3252
8717
6619
5078
3826
2977
1562
3502
8056
1836
1631
9800
2597
1766
843
6124
9865
8741
7645
8283
219
1913
756
1239
8349
9134
3660
4135
9831
6042
5521
8427
7366
567
6888
9635
1417
7042
3251
1060
7141
627
4464
8240
3241
3745
1042
817
1336
6870
8291
6480
6217
2801
5067
3038
223
7900
3131
1916
1393
8040
3811
8458
6049
8824
7799
6835
9722
1416
4638
892
1208
4106
4353
5805
9112
6799
5863
5758
7192
7899
1484
4956
9012
1272
4906
4628
9393
9351
2055
6759
5241
4231
47
8088
6109
6287
8970
2416
724
4649
9270
1748
1839
1693
3550
9820
5054
8795
9481
9395
9439
2750
1454
4342
4479
8983
3010
92
3641
2167
3382
9767
1786
3465
2374
2367
1593
6814
2646
7378
3613
7786
2183
4610
1015
9591
677
2630
8642
552
7536
344
6144
9138
3032
5846
7461
8411
6116
9370
432
8371
3715
2489
1770
3829
8610
8322
7140
8870
8061
5653
2039
2796
8214
5444
3719
9402
102
8722
2785
2441
5686
1118
8678
9009
5203
9784
7290
2820
1046
994
5432
8723
291
7150
9983
86
2975
1889
1721
9235
5319
6391
2226
6297
4608
1297
6307
2031
4851
5896
4780
973
2078
3897
6919
519
9027
5708
6442
27
2320
4566
7942
7926
7167
8885
1105
1220
4511
5508
4116
7902
1932
6904
9030
6735
5305
3373
5746
9701
8794
3663
7751
6717
865
9120
3554
1261
1740
626
675
4506
630
225
3970
6389
9348
9155
3440
4510
4765
4224
7108
3041
2920
3438
1419
4352
5883
194
3427
5501
4784
828
4908
3101
2745
9668
8555
7385
988
3364
2972
4007
909
1065
169
3755
1560
1123
5614
1316
1864
3787
9113
8798
9492
8200
7723
7516
7980
6305
7135
8759
2094
8900
9770
7454
3541
2273
4035
6859
651
453
3154
7665
6679
5909
4206
8326
5465
1474
8640
5216
2389
4219
8788
9652
3690
4175
4053
6530
2821
3794
1449
5363
9907
9399
4049
3916
2099
1059
67
8184
1311
2164
7532
2071
2525
6000
3730
2554
653
5001
8734
4877
3818
1397
6803
8545
4303
1277
6033
3497
7360
1467
6873
8266
1480
4121
4616
669
8984
7102
8841
1344
9653
9068
9054
4538
693
4518
7338
1023
4217
8641
1112
7817
648
3520
2568
8347
4654
7072
5192
7566
5864
8585
2263
8834
3026
6290
4062
8496
8753
7803
7005
1273
9172
9592
9987
6208
9212
5039
2774
5580
7173
3966
6941
9686
8035
6006
3179
5443
3278
2656
292
4505
4691
4991
3716
9551
7298
1250
9088
1395
9738
5933
5168
8375
812
6944
4580
2910
3864
6762
1884
4712
8021
5083
7983
7889
3030
7353
4333
340
9610
5607
4099
8926
3800
2407
9842
8113
7857
3287
4419
3392
761
3439
7639
7248
1984
4425
7994
4733
7510
5776
2333
515
4186
5610
6863
5325
3685
4606
2675
4756
7274
3230
6678
558
6303
6277
2531
8358
7317
1002
3968
8586
7820
5981
8093
3815
7921
7260
3812
822
7859
7018
7767
8340
5502
7312
5075
4088
882
6615
4533
7488
3568
3320
3915
4167
3225
4786
6269
1371
3437
9229
12
3603
5699
9856
190
2345
6655
9631
1379
9146
8974
5186
7485
7128
6687
9450
2000
6914
3203
2678
6554
9904
3699
8114
3832
8220
6881
237
655
8714
4604
2585
6892
5014
2558
3623
3461
8331
6736
4955
8890
3954
9153
9040
5181
1019
9139
9432
4967
3478
7592
1489
4574
2740
1216
578
863
8451
9143
7211
2121
5947
3463
4426
5698
1218
4399
8679
3586
1223
8905
9847
8730
5890
1159
6813
4915
4664
7331
3355
6115
3647
522
156
1165
5831
4346
6659
5604
6194
8514
4000
3118
4311
2592
592
6414
3027
2997
1568
5730
2684
7041
5460
3885
4545
6680
4863
6669
411
2249
7157
2547
3346
9377
7963
8599
122
2007
2170
8857
504
3712
1022
9145
4755
4816
5598
3410
7941
7553
5799
4957
1653
5676
245
310
5291
1130
9357
7546
3996
2521
8715
4204
480
2247
5108
8882
1647
2168
715
2638
264
2663
155
1149
5735
1097
4
617
3928
8657
7875
1081
3963
7246
7154
4046
5381
8956
18
5953
7663
8385
9992
9425
2814
2423
1900
5946
5120
401
4468
6961
7473
7133
9168
6684
7671
366
9505
3250
2828
6683
9684
3303
2265
5595
2942
5185
8396
9133
1141
45
546
6957
3260
6418
3872
5335
4922
4937
5714
3169
2360
8256
9081
8776
1107
3979
4281
701
3206
5797
7711
9074
5167
1378
7930
3370
9361
4981
1897
2372
8675
9299
8129
2406
469
8405
1068
231
6518
7776
2334
9047
8802
9198
1791
3141
548
6082
8156
952
3149
8327
2916
5354
4454
2804
322
2748
4567
9335
2349
3698
2398
787
275
3953
3166
3414
5419
2706
3637
9442
6940
8643
7595
8332
3361
283
8357
2113
878
1139
5002
70
6133
347
3487
6733
1109
3458
537
8745
4430
2986
7418
9661
773
1104
4047
1856
6186
2286
7885
510
5174
1610
5965
8691
6884
4682
3327
305
5193
6211
1102
154
2062
1692
2962
8436
3754
2211
7233
1008
1978
679
6690
2469
1500
4642
4935
8876
7897
7030
7160
5893
6838
8858
1517
426
1793
9629
528
3995
1418
9400
472
5755
6477
1715
1470
6459
5258
3344
3350
6073
9630
9982
4461
9256
6317
1880
5917
3307
2670
7752
9312
768
2496
1639
4316
119
7342
3964
5840
5586
1573
1762
9223
2053
8389
6927
1818
5794
1754
4222
8892
7249
9607
1681
4276
7844
7643
8530
1229
3876
3783
325
8532
1588
8446
7191
4918
8604
2994
5163
2246
716
8669
7037
1340
3045
6520
4646
6166
5100
1714
598
6620
3584
3972
5244
3967
4435
3181
5703
9897
2427
2527
2418
3819
3742
7388
3193
5050
9058
2735
9639
9902
4439
2358
7364
3758
2705
3155
6029
2403
3280
7431
7430
3735
728
5086
282
1606
1144
9524
8663
6987
328
1285
5490
5891
1056
8145
6900
2361
1624
3421
7011
9497
6238
866
4807
1135
2784
5292
2712
3204
3750
5030
9950
7119
58
4117
8137
4739
8733
9158
9657
7100
3401
6544
1290
6939
5663
1157
6219
8125
224
5211
4640
9599
4022
2931
2066
3892
1530
3006
423
3657
2885
8248
6312
7648
516
4469
479
8710
6847
6396
5691
9718
619
2135
6416
7231
2850
687
492
5243
9478
2054
3436
9776
6095
8553
4999
301
8415
9724
2319
416
1237
8966
7611
7581
9397
9026
7064
2669
3352
628
7113
7412
6599
2593
7938
9060
2709
4373
9244
1137
6945
8987
3984
6180
4227
8433
4433
8509
1955
8623
9809
6532
4436
7700
3673
9712
5712
788
5286
8542
8709
3565
1994
2782
2190
5512
5625
7222
6435
965
609
2160
2214
590
7124
8400
7659
1797
6300
5516
7422
3816
7860
6613
1430
1431
5080
5175
7459
20
5124
3515
1360
3380
452
3282
5122
3061
1010
1204
4081
2021
6563
9014
9867
6579
2598
3489
5616
2257
6704
786
3144
4253
5656
7497
2900
9091
3274
3853
6949
3499
3195
3035
8165
7981
9487
9840
8058
1317
8567
8085
3175
9230
8092
6877
1936
9002
9677
8257
2606
2088
4482
7229
2883
717
8589
4158
1238
8333
5272
9333
2003
78
6517
8317
4365
8595
3739
5972
8616
2499
1511
486
1617
9239
3125
3654
3921
3059
7962
6012
8748
6714
9428
5164
5873
9490
2312
9011
8439
5611
8897
2996
7073
1726
9236
2792
6818
2612
9474
7790
1981
3134
7982
5821
139
8351
9022
3242
6107
6059
2990
9130
3503
5303
6910
2243
6542
7339
1680
7609
7526
5721
5046
2758
2165
7960
5939
4009
7425
4238
8887
1375
8210
6681
2100
9648
8660
1992
4890
6848
9691
232
5293
8656
2847
4529
8201
7300
6824
2643
4235
1313
1346
4213
6915
4958
711
7515
8039
2919
9465
5113
151
105
8437
3536
9292
470
6936
1121
6083
9980
234
1011
9471
6163
2096
2357
4380
9469
9243
3591
1428
7307
8028
5637
1064
561
7719
4647
4300
982
50
987
5944
493
4289
7380
9961
7250
7282
1734
1240
7904
4144
7883
5227
5330
9449
7950
961
4052
6899
5646
346
8765
692
7610
854
3799
6310
6511
2641
7523
7314
7283
6503
7886
8255
8973
8395
7726
6553
6308
8486
8972
5362
2400
8176
8460
1781
646
5260
8948
1477
3542
7932
5008
4422
2742
706
196
5063
570
6922
3046
2642
3614
6801
3446
6147
9353
5754
5551
378
1286
145
4402
1294
9893
732
8429
2553
6055
6361
2549
6971
3798
4478
2797
2503
3488
3322
3571
4429
7390
5390
4218
2559
6262
5902
2012
5667
1044
4954
40
9997
6341
1924
4120
7381
420
1394
2077
8943
9717
3923
551
1475
5750
2020
6431
5995
7136
2268
1331
8519
1442
4773
7156
2526
2107
2292
9725
3092
9387
6978
8287
5985
1671
3910
8068
2331
6625
2030
4948
9792
464
6754
9849
588
1975
4587
2639
8253
2008
1944
8936
5356
2302
1150
8345
6840
9764
5392
3938
3516
5689
2083
9241
991
3627
321
6790
6384
7884
6727
1498
217
1518
4030
5557
2052
2393
96
3986
3669
1152
8037
2338
1850
8122
9140
4332
8804
9135
6739
5130
6249
2778
9427
591
9601
2805
6842
9934
4692
6732
995
208
8270
4091
7420
7688
887
9859
2519
7577
1369
8588
8051
5341
473
3460
4972
4528
1179
9347
7879
984
3318
7291
5454
6103
4077
5218
9392
5012
9228
71
5338
680
8746
3033
3171
4953
4745
4775
9854
2580
3244
3305
9632
7201
3231
4286
4199
6089
128
8250
2473
4565
381
2440
2662
8649
6585
1368
8067
1996
1545
2926
5523
309
6918
3159
6647
5589
3845
875
2632
9923
525
1408
4032
7704
6386
5321
5088
4488
2025
2599
1745
7513
6179
2158
1188
8816
413
7384
5924
6773
6920
6438
6748
9214
6202
6097
293
8639
8364
2874
8512
6140
6778
5600
7310
4777
4760
2445
1070
3677
8001
7783
6256
3733
2188
4551
7203
6464
848
3863
8211
700
8490
7945
6190
5967
1427
3431
4598
9194
1626
1846
6869
8591
6926
5720
7264
6334
6506
763
9372
5927
7144
5090
7614
810
9744
3588
8336
2002
4345
2798
4884
8438
197
2961
1263
8863
5639
9556
753
7917
1732
8686
8404
7394
3506
2626
4594
3445
4205
4659
8646
6267
5921
996
4050
9106
7984
645
3308
1703
5740
8232
6829
8330
2861
2044
6706
1867
5657
8076
2683
9703
5861
1735
6543
2180
7744
9141
4969
6070
8825
7070
6565
1177
4881
1713
1607
1619
263
5862
6907
1414
1649
9186
8793
507
7727
3914
5187
7132
2258
8131
8621
1045
521
1616
2458
4769
248
2116
2504
2544
9035
3738
4037
6259
1166
8927
5370
8187
1281
3702
212
7025
4696
797
9573
9050
3898
4298
8893
1048
2884
4814
7750
7210
3249
3838
329
3934
2239
656
7413
5297
6827
2783
2903
9539
9781
2340
1086
6374
4449
4679
404
2326
163
4848
4812
6747
4802
4131
4489
6363
1623
9625
9477
862
5380
2348
7676
5979
9731
5431
1837
4968
1201
8750
2673
4021
3243
8271
7647
735
5038
8072
2702
809
2110
5028
8381
2537
1120
9493
6608
353
6983
6860
7849
8011
6487
2757
4515
5537
6676
2753
852
1110
4187
3636
9206
9316
3531
9126
6590
64
3479
8066
9147
7346
8543
2036
5937
7781
4976
5608
8760
8230
7539
1295
4100
868
3333
7345
658
4161
4335
1078
7696
8742
5552
9391
1040
1096
8535
7661
4629
4527
3767
4577
7492
7439
4318
9195
4142
3951
1504
6661
7808
8
6774
550
6352
9360
9641
280
2877
2346
9298
2438
9517
3412
1706
7455
9330
4214
6929
6273
6671
4438
845
4322
4759
729
4011
841
8329
8392
9957
7813
7717
7772
126
8864
5400
6965
113
3448
1881
7637
9618
2047
568
970
2313
7359
4798
587
7084
3900
6779
9662
4716
2691
8839
6744
5456
4939
3146
4704
6225
2999
8290
1283
9441
6
6587
8418
3056
1542
8074
6724
1380
8180
6245
1426
5290
8843
6320
1089
7850
2838
5767
7159
8442
1804
6788
6889
5487
3905
6931
8000
7012
4548
734
4381
284
240
5525
8719
7956
4994
4626
5384
4462
2455
4911
5806
106
4364
5923
4452
1170
1266
2175
9463
6804
7085
8344
8624
9936
3473
2672
1020
6822
8565
4248
2588
7847
8009
5262
4910
3068
622
5533
7014
9973
1320
944
6284
9634
3850
9076
6281
6439
1499
3469
5936
929
3217
7221
3521
9864
6053
5591
4914
4899
4223
8146
9246
640
9964
2022
871
5906
2732
5764
3464
4070
1662
5627
351
5420
6556
6247
4016
8430
2914
5888
8166
7632
7562
9761
7178
5198
2538
6104
9882
4625
1796
6218
3323
388
6768
3403
6260
1901
7311
1374
1831
1146
7559
7405
5538
7681
25
7266
2876
6353
213
2744
536
1154
3300
209
612
8471
1214
9719
2228
6643
6850
6772
7552
3471
9233
8806
181
4013
3827
435
649
6263
1
4230
3985
9483
2610
5430
6348
3089
6795
7529
7449
6210
6155
3666
6832
7988
5817
2660
8960
8557
3050
543
6652
6583
4651
5498
4371
9908
6040
7705
2089
9433
7735
5267
3385
1567
2404
8130
5368
8465
1308
6282
5396
2720
4687
3180
9056
2869
8912
8728
7024
4304
400
3397
7295
3617
9191
3849
633
2255
6318
7709
7601
778
1912
6199
8796
7374
4319
114
8982
8635
4269
8977
4265
8922
6096
4378
5757
1505
7740
6862
6605
7225
2652
4058
5829
6220
9692
7989
8456
8587
1654
9252
8526
990
9189
6007
6868
1845
8106
2935
2285
7208
6701
5916
7699
2144
4582
4014
856
5852
6601
3994
9628
5221
345
6266
7327
150
7843
1725
3943
7094
2208
1519
1778
4305
2810
8837
352
4001
1819
5451
454
7718
7216
2584
3547
7453
9978
9771
6763
3450
8847
8307
2024
8235
5658
4055
1716
6807
9574
5433
3940
7838
6495
3925
5819
6644
1817
1676
5518
7472
7706
5470
6332
739
7289
4347
6668
1565
5642
4811
4719
266
765
1707
9787
129
2539
265
4491
5733
1255
6861
389
4299
8747
446
2295
5284
2786
2041
1306
8483
8262
5310
8687
5943
8202
9953
1547
6278
2198
3188
6253
7424
9053
9804
8386
4502
3495
1549
6959
694
7673
2159
9706
326
8247
8313
6118
5527
9984
4083
3314
8815
6638
9031
9838
3304
6893
8676
8080
6074
8267
6425
367
1890
1615
8925
4338
8167
5728
9745
3049
9674
9504
3860
6010
8785
2411
3709
7446
8337
9122
6825
3749
8538
6088
4637
6409
6113
2932
13
9955
6902
6294
2322
2573
719
1248
3778
637
4966
6456
5710
8947
3675
7371
3618
827
9301
3183
7757
5411
8872
8203
4078
140
3768
8985
3236
3212
5285
8170
1803
2824
3319
2027
2206
3164
6026
2254
188
5317
7794
1808
3723
8799
7584
569
1192
6649
7188
3505
7031
5248
7237
8736
8908
5626
9721
7616
5565
1282
8729
1659
4484
8391
2218
6388
9261
136
9959
3533
7564
1566
7131
2267
2947
731
949
7437
4123
6982
343
8692
752
3388
8440
9825
4323
4879
5839
7021
4198
4600
2026
5634
641
355
330
5678
8577
6451
8346
7653
1510
9384
2045
4806
1861
3232
4492
7836
6634
1937
1492
7284
7277
6948
9103
4821
2479
274
7142
832
7915
7821
4192
1539
1946
1533
6316
3857
4474
4017
8644
997
7003
9157
2734
533
7235
5687
390
4611
4761
6596
771
3524
8387
2789
5976
2471
7411
2485
1476
2060
2917
3684
6257
8575
9905
8425
2435
8934
9205
2768
5554
5277
8384
1973
9748
3763
9666
4558
3557
8002
5898
9823
1410
751
7839
38
9948
6335
277
8064
4254
1516
267
1455
1326
7052
7280
7146
8321
8594
7760
5670
5406
1005
2017
935
8171
7868
3775
1481
6969
8249
9863
5105
5942
6623
7415
4833
5879
6410
5023
1287
294
7600
1620
69
3094
2477
2495
7973
3253
5748
539
3295
3806
1128
6996
6831
9587
1830
3235
3177
7993
8701
968
877
8083
5790
98
577
3784
9799
6383
1543
9779
1717
4623
5261
3717
4925
6728
3960
5434
7370
6209
3135
6161
1942
4105
9586
1226
5786
8226
3047
4326
6660
9021
7869
699
9376
7494
4485
5160
9834
1855
7557
6651
5752
2871
5601
6226
3482
8286
624
9110
747
4172
3615
9827
2459
1496
9569
5860
7484
9183
9696
702
4471
3342
4602
7827
3956
3831
1215
5636
1191
8698
5022
1014
5731
1307
5704
1832
8168
4832
1429
9311
199
4801
4092
9609
2514
9179
6943
7538
7060
8772
7189
8502
8625
6492
9965
3156
631
6536
9645
6947
4729
6135
4284
9355
1465
148
5486
2973
332
1359
9656
7968
821
8789
5159
7713
8148
42
35
5441
6953
5983
1202
276
4159
8996
5935
6823
1354
3899
9067
9137
6951
1228
9922
605
2040
5253
4379
3093
6663
3310
4209
3419
6793
1043
1760
7649
9541
880
2139
4336
9266
4986
5295
3908
8428
5066
2840
9118
3933
3508
2162
5964
6665
409
896
8023
1528
9080
7281
8448
6365
4919
5770
8849
8524
3886
323
6032
7856
3779
9323
9659
5369
9791
6270
5536
9322
4113
2574
7049
2461
6708
5834
7556
3340
1212
1004
9739
8527
4128
5477
6695
691
3205
7575
9560
4708
2510
4440
488
2621
8993
3490
8354
4534
7179
9903
5031
8045
6584
9850
7155
7877
3511
1771
2545
4830
8252
1178
338
2794
3643
5779
6235
1738
9603
3178
9325
8020
4563
254
8902
8259
3052
5153
2682
8212
7565
4252
2033
9417
349
1246
2787
8077
9614
4412
9366
5688
7500
938
9000
2118
9466
3228
6258
5705
3408
2104
660
9033
2182
1805
1985
3752
7810
2839
9995
7165
403
4672
4150
2154
5540
2432
3501
1399
3365
5172
6031
5237
3483
161
9555
2661
5899
6833
5548
3574
4555
4607
4520
4553
8564
8533
4249
7788
616
1028
5587
6360
639
3999
9382
2855
260
8951
3753
3051
2636
6776
6820
1629
2955
2719
5047
7901
6934
8991
7833
5440
2749
9048
6390
2988
6528
4590
8492
9571
1752
834
8580
8472
298
7483
7682
2201
5329
7819
1451
3510
9531
109
7780
8311
3111
3517
317
9710
5268
3257
9979
1666
9875
6836
980
3786
364
66
3602
9736
6816
3001
2939
8653
1058
6960
6377
8611
5851
3711
3003
3989
3668
3942
6326
4306
5328
5005
4963
8550
9977
1761
5480
8725
1527
4200
5367
1062
3363
8680
943
8507
9818
3802
1531
7276
1898
9563
7426
6019
9611
6402
7351
2713
2596
9929
2611
4736
6830
5316
2604
2222
6882
6802
2565
6138
7830
9777
3329
7641
5808
7450
9928
1843
774
584
2384
993
8923
5513
945
9265
684
2516
565
1925
2133
7120
8124
2741
4709
2765
5043
8239
2097
1448
4531
8513
5739
152
9580
6111
3880
9338
3559
7130
3259
5226
8447
8468
4074
6508
3777
4685
1236
718
842
2968
5309
2879
3294
1073
1197
2667
5999
9200
9578
4940
9156
1472
681
398
9184
5215
2034
3870
851
4372
2449
33
7126
9350
5332
3912
6797
9319
4391
1234
5590
6148
1779
5118
1217
3961
7386
940
1848
1276
3720
2711
7487
7205
9772
4960
1809
1894
2571
8279
5469
5245
9381
3390
9362
672
3958
478
1903
4535
2405
19
914
5865
7842
6496
4776
7026
2671
7347
8814
8696
3993
8082
9306
5885
9516
2304
9680
5782
1670
3393
4362
3128
195
3114
3096
9522
6355
6588
5950
7301
743
8091
3576
4943
7527
4370
7692
6057
3107
289
6268
9084
6132
8127
7460
9801
3123
8602
7596
2
1859
7606
8135
5410
308
9774
5904
9878
4575
1683
8861
9473
6607
5692
670
5257
2674
6746
9018
7255
2042
3453
6656
8838
9173
9861
3386
2949
1686
1769
1879
5318
6125
2907
5428
3724
1878
4421
9279
3152
2895
6142
8981
604
2629
286
6002
418
4636
7591
9775
2752
6780
4949
8042
2323
7409
986
8197
9213
2171
5453
5373
9475
1406
7540
2707
7518
1655
8758
9942
7753
2692
4872
4705
8818
1243
3560
7478
7196
9566
5084
8078
1385
4428
5742
6675
5588
3347
6101
9595
6741
2899
7116
4927
8178
3983
9064
8481
6966
3153
8025
9921
8409
8397
9855
311
8097
7628
4622
8407
722
76
3474
1697
1225
1690
7017
7320
316
6387
2426
8288
8223
125
7251
2983
2502
3975
6420
9273
5773
744
6064
9940
175
6611
2575
1558
7582
8132
2415
3219
4132
5145
846
6230
3387
60
6117
9729
5579
335
2835
4343
7725
8416
6304
6887
8370
3595
9451
9915
7870
7571
7452
6372
1362
2488
2279
3808
2647
8285
7107
9318
5493
5027
7971
5609
7533
582
7227
7324
7677
9912
3270
4207
2382
8810
4350
6938
9853
3948
2068
596
5459
6600
5437
2816
1493
5415
5599
3345
7771
3207
4453
5143
5868
7271
7933
5644
571
1964
9877
2777
2703
4905
5374
6182
8740
5340
8782
3034
4313
9232
3105
6981
465
3087
3593
7789
9275
2892
1134
1783
6090
5796
3882
6152
5482
4822
2952
1914
2176
8417
137
1722
4388
5541
6467
2618
430
1591
8827
9005
5845
661
3687
9109
1396
1679
5017
1750
4767
5928
9561
9131
3604
4283
7023
467
4614
3334
8946
5450
9259
3894
7768
2834
5195
1189
5115
2248
2058
3950
9329
2271
7097
7096
5461
4447
4154
4392
9713
201
826
3509
750
4185
6602
8443
613
2650
1534
9162
958
8323
5121
9268
2651
8928
2857
1794
4737
8685
6298
5500
4947
5959
9289
6380
3732
9415
3290
6338
6846
7299
8359
7822
8570
4232
6092
4366
7922
7114
1907
3947
52
934
7811
8790
6963
9314
8784
4103
7009
9815
1963
7350
2299
1390
2059
933
2944
2475
118
3539
2446
5250
2645
1034
8194
7303
5878
2600
6128
176
1153
948
3218
2061
1103
6067
3486
5205
3009
9785
6417
6937
218
7499
8254
8479
1271
7814
4718
1938
2439
6771
1782
9380
9832
8584
3867
6222
8449
4141
4710
886
3284
428
6523
2155
101
356
5476
5519
3208
595
4820
3856
9990
2385
5957
9124
858
8213
4624
6933
2902
3701
4202
348
336
721
1136
4731
4634
9309
8658
2625
4331
1461
3861
8707
3981
967
5729
2428
7056
695
4988
524
9207
5085
2143
7691
2137
2122
2048
468
2399
9654
4341
1520
1381
3127
9546
2859
6315
9144
9597
7880
1625
5528
