1
2827
3
2105
3469
6
7
319
2524
10
11
12
13
2988
15
16
17
18
4553
20
4297
22
23
24
25
26
27
28
3477
30
31
32
33
34
35
36
37
3288
911
40
41
42
43
44
45
46
5557
48
49
50
51
52
2222
54
55
56
57
58
4564
60
61
8242
4627
64
65
66
67
68
69
70
71
72
7963
74
75
9217
8034
78
3610
80
81
82
83
84
85
1323
87
88
89
90
91
92
8589
843
4724
96
97
98
7446
100
101
102
103
9659
105
106
5711
2661
109
110
111
112
113
114
8377
116
117
118
8431
120
121
122
123
904
125
765
127
128
129
130
131
132
133
134
135
2056
3532
138
139
140
141
142
143
144
145
146
147
148
149
150
391
152
153
154
155
4868
157
158
159
160
161
162
163
164
165
166
6366
168
169
6216
171
2082
173
174
3569
176
177
178
179
180
181
182
183
184
9251
186
187
6318
4529
190
191
192
7362
194
195
196
197
198
199
200
201
202
5916
204
205
9732
9834
208
209
210
6873
212
6258
214
6070
7282
217
218
219
220
221
222
223
3123
225
226
227
228
229
230
231
3155
233
234
5186
4924
237
238
2889
240
241
242
243
244
245
246
384
248
249
250
251
4011
253
254
255
256
257
258
259
260
261
262
263
264
265
266
6402
268
269
270
271
272
273
4802
7039
8221
277
278
279
280
281
1741
283
284
285
286
287
288
289
290
8320
292
293
294
6597
296
297
298
299
300
301
2767
8946
304
305
306
2498
308
309
310
311
312
1693
314
9255
316
317
4255
8
320
321
322
9691
324
325
770
688
328
329
330
2351
3268
333
334
335
336
337
338
339
1708
341
342
786
344
345
346
347
348
349
350
351
352
353
354
355
356
357
358
359
360
361
362
363
364
365
366
367
368
369
370
371
372
373
374
375
376
377
378
379
380
381
382
383
247
385
386
387
388
6642
390
151
392
393
394
395
7624
397
398
399
5367
401
402
403
404
405
5456
2470
408
409
1912
411
412
413
8615
8387
416
417
418
419
420
421
422
423
424
425
426
427
428
429
430
431
432
7642
434
435
436
437
438
5746
440
441
9595
443
444
7004
446
447
448
449
450
451
452
453
1604
455
456
457
458
459
460
461
462
463
464
465
466
467
1232
469
470
471
472
473
474
2813
5230
477
478
479
480
4983
482
483
484
485
486
487
488
489
490
491
9197
493
494
495
5279
497
498
499
500
501
502
6834
504
505
506
507
508
509
510
511
512
513
2550
515
516
517
518
519
7470
521
522
523
716
5025
5765
5318
528
529
530
531
6965
533
534
9027
9392
537
538
539
540
541
542
543
544
545
546
547
548
549
550
551
552
4330
3235
555
556
557
558
559
560
561
562
563
564
565
566
567
568
569
570
571
572
573
574
575
576
577
578
579
580
581
582
583
584
585
586
587
588
589
8349
8360
592
593
594
595
596
597
5721
599
600
3543
602
603
604
605
891
607
608
609
610
611
6724
613
5656
615
616
617
2768
619
620
621
622
623
624
625
6003
627
628
629
630
631
632
633
634
635
636
637
638
639
640
641
642
643
7682
645
646
647
648
1531
650
651
652
8199
654
655
656
657
658
659
660
661
662
663
5098
9531
4731
4025
668
669
670
671
672
673
674
675
676
677
678
679
2970
681
682
683
684
685
686
687
327
689
690
691
692
693
694
695
696
697
698
699
700
7576
702
703
704
705
706
707
708
709
1460
711
1243
713
714
715
524
1116
718
719
720
721
8047
723
2128
725
726
7615
728
729
730
731
732
733
734
4095
736
737
738
739
740
741
742
743
744
745
746
747
748
749
750
751
752
753
754
755
756
1111
758
759
760
761
762
763
8410
126
2781
767
768
769
326
771
772
773
774
775
8795
777
778
779
780
781
5970
7638
784
785
343
4840
788
789
790
791
792
793
794
795
796
797
798
5719
800
801
802
803
804
805
806
807
808
809
810
811
2545
813
4470
2688
816
817
818
819
820
2423
822
823
824
825
826
827
828
829
830
831
832
6151
834
835
8084
2180
1931
839
840
841
842
94
844
845
846
847
1023
4624
850
3033
4876
853
854
9017
856
857
858
859
860
9178
862
863
864
6565
866
9560
868
869
870
871
872
873
874
875
876
877
878
3984
880
5254
9303
5952
6123
885
6269
1926
888
889
890
606
892
893
894
895
6511
897
6267
899
900
901
902
903
124
7793
906
907
908
909
910
39
912
913
914
915
916
917
918
919
920
921
922
3218
924
1939
926
927
928
929
930
931
932
933
934
935
936
937
938
9429
940
9250
942
943
944
945
946
947
948
949
950
951
952
953
954
955
956
957
958
7921
5369
961
962
963
964
965
966
967
3916
9945
7176
971
2826
973
974
7064
976
977
8494
979
980
981
1569
983
984
6036
986
987
988
989
7038
991
992
993
8064
995
996
6562
998
999
1000
1001
4476
1003
1004
1005
1006
1007
1008
1009
1010
1011
1012
1013
1307
1436
1016
1017
1018
1019
7669
9244
1022
848
1024
1025
1026
1027
1028
2702
2142
1031
1032
4456
1034
7784
1036
1037
1038
1039
1040
1041
1042
1043
1044
1045
1046
1047
1048
1049
1050
1051
1052
1053
1054
1055
1056
1057
1058
6187
1060
1061
1062
4619
9209
1065
1066
1067
1068
1069
1070
1071
1072
1073
1074
1075
1076
1077
8694
2285
1080
1081
8407
1083
1084
7182
6857
1087
1088
1089
1090
1091
1092
1093
1094
1095
1096
1097
7139
1099
1100
1101
1102
1103
1104
1105
6997
1107
1108
1109
1110
757
1112
2375
7454
1115
717
1117
1118
5078
1120
1121
1122
1123
1124
1125
1126
1127
1128
1129
1130
1131
2444
1133
6416
9238
8239
1137
5548
1139
1140
1141
1142
1143
1144
1145
1146
1147
1148
1149
1150
1151
7459
3187
1154
1155
1156
1157
1158
5458
1160
1161
1162
1163
1164
1165
1166
1167
1168
1169
1170
1171
1172
6188
1174
4757
1176
8648
7831
1179
3690
1181
1182
1183
2531
8424
1186
1187
1188
1189
1190
1191
1192
1193
1194
1195
1196
1197
1198
6514
1200
1201
1202
1203
1204
1205
1206
1207
1208
1209
3451
1211
1212
1213
1214
1756
1216
1217
1218
1219
1220
1221
1222
1223
1224
1225
1226
1752
1228
1229
1230
1231
468
1233
6807
1235
2439
1237
1238
1239
1240
1241
1242
712
1244
1245
1246
1247
1248
1249
1250
1251
1252
1253
1254
1255
1256
1257
1258
5019
1260
1261
1262
1263
3273
2853
1266
1267
8595
1269
3257
1271
1272
1273
1274
1275
1276
1277
1278
3058
1280
1281
1282
1283
1284
1285
8742
1287
2443
1289
1290
1291
1292
1293
6954
1295
1296
1297
7419
1299
1300
1301
1302
1303
1304
1305
7406
1014
1308
1309
1310
1311
1312
1313
3779
1315
1316
1317
5092
7215
1320
1321
1322
86
1447
1325
1326
5717
1328
1329
1330
1331
4589
1333
1334
2956
1336
1337
1338
1339
3105
1341
1342
1343
1344
1345
1346
1347
6374
1349
1350
1351
1352
1353
6989
1355
1356
1357
1358
1359
1360
1361
1362
1363
1364
1365
1366
1367
1368
1369
1370
1371
9649
1373
9986
1618
1376
1377
1378
1379
1380
1381
1382
1383
1384
1385
1386
1387
1388
1389
1390
1391
1392
1393
1394
1395
1396
1397
1398
1497
1400
9322
1402
1403
1404
1405
8303
1407
1408
1409
2558
1411
1412
1413
1414
1415
1416
1417
1418
1419
1420
6945
1422
1423
1424
1425
1426
1427
1428
9434
1430
1431
1432
1433
1434
1435
1015
9612
1438
1439
1440
1441
1442
8521
1444
1445
1446
1324
1448
1449
8509
1451
2393
1453
1454
3626
1456
8365
1458
2019
710
1461
1462
1463
1464
1465
1466
1467
1468
1469
8459
1471
1472
1473
1474
1475
1476
1477
1478
1479
1480
1481
1482
1483
1484
1485
4289
1487
1488
1489
1490
1491
1492
1493
1494
1495
1496
1399
1498
1499
1500
1501
1502
1503
1504
1505
1506
1507
1508
3214
1510
1511
1512
1513
1514
1515
3342
1517
4469
1519
1520
4105
1522
3652
2049
1525
1526
9934
1528
1529
1530
649
1532
1533
1534
1535
1536
6195
1538
1539
1540
1541
5055
6625
1544
1545
1546
1547
1548
1549
1550
1551
1552
1553
1554
1555
1556
1557
1558
1559
1560
1696
1562
7243
1564
1565
1566
1567
1568
982
1570
1571
1572
5524
8118
1575
1576
5344
1578
1579
1580
9908
1582
1583
6076
1585
1586
1587
1588
1589
5523
1591
1592
1593
1594
1595
1596
1597
1598
6299
1600
1601
1602
1603
454
1605
1606
1607
2976
1609
8928
1611
1612
1613
1614
1615
1616
1617
1375
1619
1620
1621
1622
1623
1624
2302
1626
1627
1628
1629
6628
1631
1632
1633
1634
1635
1636
1637
1638
1639
1640
1641
1642
1643
1644
2381
4654
1647
1648
1649
1650
1651
1652
1653
1654
1655
4557
1657
1658
4300
1660
1661
1662
1663
1664
1665
1666
1667
1668
1669
1670
1671
1672
1673
1674
1675
1676
1677
1678
1679
1680
1681
1682
1683
6348
1685
1686
1687
1688
9224
1690
1691
1692
313
1694
1695
1561
1697
1698
1699
1700
1701
1702
3308
1704
1705
1706
5805
340
1709
1710
1711
1712
1713
1714
1715
1716
1717
2867
8197
1720
1721
1722
1723
1724
1725
1726
1727
4641
1729
1730
1731
1732
1733
1734
1735
1736
1737
2402
7505
1740
282
1742
1743
3282
1745
6352
1747
1748
1749
1750
1751
1227
1753
6176
1755
1215
1757
1758
1759
1760
1761
1762
1763
1764
1765
1766
1767
7983
1769
1770
1771
1772
1773
1774
2015
2125
1777
1778
1779
1780
9873
9246
1783
2124
1785
1786
8573
1788
1789
1790
1791
6417
1793
1794
1795
1796
1797
1798
1799
1800
1801
1802
1803
1804
6375
1806
6254
1808
8653
6858
1811
1812
1813
1814
7842
1816
1817
1818
2715
1820
1821
7324
1823
1824
1825
1826
1827
1828
1829
1830
1831
1832
1833
1834
1835
1836
7389
1838
1839
1840
4637
1842
1843
5150
1845
1846
1847
2636
1849
1850
1851
2859
1853
1854
1855
1856
1857
1858
1859
1860
1861
1862
1863
1864
1865
9181
1867
7989
1869
1870
1871
1872
1873
1874
8442
1876
1877
1878
1879
1880
1881
1882
1883
1884
1885
5112
1887
1888
1889
1890
1891
4844
1893
6390
1895
1896
1897
7979
5245
1900
2349
1902
1903
1904
1905
1906
7820
1908
1909
1910
1911
410
1913
5943
1915
1916
1917
2305
1919
1920
1921
1922
9651
1924
1925
887
1927
1928
7350
1930
838
1932
9390
1934
1935
5664
1937
1938
925
1940
1941
1942
1943
8198
1945
1946
7473
9063
1949
3421
1951
1952
1953
1954
1955
1956
1957
1958
1959
1960
1961
2108
1963
1964
8309
1966
1967
1968
1969
8213
1971
1972
1973
5595
1975
1976
1977
4227
1979
1980
7626
1982
1983
8607
1985
7266
1987
1988
1989
1990
1991
1992
1993
1994
1995
1996
1997
6064
1999
2000
2001
2002
2003
2004
2005
2006
2007
2008
7888
2010
9010
2012
2013
2014
1775
2016
9727
2018
1459
2020
2021
2022
2023
2024
7746
2026
2027
2028
2035
2030
2031
2032
2033
2034
2029
2036
2037
2038
5722
2040
2041
2042
2043
2044
2045
2046
2047
2048
1524
2050
2051
2052
2053
2054
2055
136
2057
2058
4412
2060
7449
2062
2063
2526
2065
2066
2067
2068
2069
2070
2071
2072
2073
7967
5063
2076
2077
2078
2079
3048
2081
172
2083
2084
2085
2086
2087
2088
2089
3790
4244
2092
2093
2094
2095
2096
2097
2098
2099
2100
2101
2102
8329
2104
4
2106
2107
1962
2772
2110
2111
2112
9854
2114
2115
2116
2117
2118
2119
2120
2696
2122
2123
1784
1776
5587
2127
724
2129
2829
2131
8551
2133
2134
2135
6806
2137
6092
2139
2140
2141
1030
2143
2144
2145
2659
2147
2148
2149
2150
2151
2152
2153
2154
2155
3409
7481
2158
2159
2160
2161
2162
2163
2164
2893
2166
2167
2168
9219
8128
2171
2172
2173
2174
2175
2176
2177
2178
6691
837
2181
7051
2183
2184
2185
2186
9735
2188
2189
2190
2191
2192
2193
2194
2195
2196
2197
2198
2199
2200
2201
2202
2203
2204
2205
2206
2207
2208
2209
2210
2211
2212
2213
2214
2230
2216
4524
2633
2219
2220
2221
53
2223
5423
2225
2226
2227
2228
2229
2215
2897
2232
2233
2234
2309
2236
2237
2238
2239
2240
2241
2242
2243
2244
2245
6751
2247
2248
2249
7034
2251
2252
2253
2254
2255
2256
2257
2258
2259
2260
2261
3939
2263
2264
2265
2266
2267
4831
2269
4512
2271
2272
2273
2274
6726
4160
2277
2278
6832
2280
2281
2282
2283
2284
1079
2458
2287
9630
2289
2290
2291
2292
2293
2294
2295
2296
2297
5277
2299
2300
2301
1625
7222
2304
1918
2306
2307
2308
2235
6343
2311
2312
9330
2314
2315
2316
2317
2318
2319
2320
4940
2322
6541
2324
2325
2326
2327
2328
2329
2330
2331
2332
2333
2334
2335
2336
4884
2338
2339
2340
2341
7994
2343
2344
2614
2346
2347
2348
1901
2350
331
2352
3680
2354
2355
8569
2357
2358
2359
2360
2361
2362
2363
2364
2365
2366
2367
2368
5436
2370
2371
2372
2373
2374
1113
2376
3620
2378
2379
2380
1645
2382
2383
7067
2385
2386
2387
2388
5075
2390
2391
2392
1452
2394
2866
2396
2397
2398
2399
3536
2401
1738
7422
5119
2405
2406
3446
2408
2409
2410
4826
2412
2413
2414
2415
2416
6030
3858
2419
2420
2421
2422
821
6551
2425
2426
2427
2428
2429
2430
2431
2432
2433
2434
2435
2436
2437
2438
1236
2440
2441
2442
1288
1132
2445
2446
2447
2448
2449
2450
2451
2452
2453
2454
2455
2456
2457
2286
5404
2460
2461
2462
7493
2464
2465
2466
2467
2468
2469
407
7694
2472
8849
4242
2475
2476
2477
2478
9247
2480
2481
2482
2483
2484
5365
2486
2487
4785
2489
2490
2491
2492
2493
2494
2495
2496
2497
307
2499
2500
2501
2502
2503
2504
2505
2506
2507
2508
6520
2510
2511
2512
2513
6783
6380
2516
2517
2518
2519
2520
9614
2522
2523
9
2525
2064
2527
4096
2529
2530
1184
2532
2533
2534
2535
9821
2537
4607
2539
6967
2541
8583
2543
2544
812
6829
2547
2548
9712
514
2551
2552
2553
2554
2555
7027
2557
1410
2559
2560
2561
2562
2563
2564
3498
2566
3425
2568
3302
2570
2571
2572
2573
2574
2575
2576
2577
2578
2579
2580
8358
2582
2583
2584
3150
4239
2587
2588
2589
3011
2591
5441
2593
2594
2595
3547
2597
6786
2599
2600
6848
2602
2603
2604
2605
2606
2607
6957
2609
2610
2611
2612
3534
2345
2615
2616
2617
2618
2619
9574
2621
2622
2623
2624
2625
7163
2627
2628
2629
2630
2631
2632
2218
2634
2635
1848
2637
2638
2639
5299
2641
2642
2643
2644
2645
2646
2647
2648
2649
2650
2651
2652
2653
2654
2655
2656
2657
2658
2146
2660
108
6720
2663
2664
9587
2666
2667
2668
2669
2670
2671
2672
5628
2674
2675
8238
2677
6781
2679
2680
2681
2682
3300
2684
2685
8004
7347
815
2689
2690
2691
7512
4527
2694
2695
2121
2697
2698
2699
2700
2701
1029
6678
2704
2705
2706
8897
2708
2709
2710
2711
2712
2713
2714
1819
2716
2717
2718
2719
2720
2721
2722
7098
2724
8015
2726
2727
2728
4618
2730
2731
2732
5619
2734
2735
2736
2737
2738
2739
6725
2741
2742
2743
2744
2745
7692
2747
2748
2749
9400
4076
2752
4820
2754
2755
2756
4318
6737
2759
2760
5813
2762
2763
3222
2765
2766
302
618
2769
2770
7643
2109
2773
4973
2775
2776
2777
2778
2779
8788
766
2782
2783
2784
2785
2786
8456
2788
2789
2790
2791
4218
2793
7153
4409
2796
2797
2798
9145
2800
2801
2802
4738
7801
2805
2806
2807
2808
2809
2810
6446
7058
475
2814
2815
2816
2817
2818
8901
2820
2821
2822
2823
2824
2825
972
2
2828
2130
2830
2831
2832
2833
2834
2835
2836
2837
2838
2839
2840
2841
7346
2843
2844
2845
2846
2847
2848
4266
2850
3999
2852
1265
2854
2855
2856
2857
2858
1852
2860
3022
2862
2863
2864
2865
2395
1718
2868
2869
8166
2871
2872
2873
8753
2875
2876
2877
9291
2879
2880
2881
2882
2883
2884
2885
5482
2887
2888
239
2890
2891
2892
2165
5479
2895
2896
2231
2898
5382
2900
2901
2902
2903
2904
2905
7025
2907
2908
2909
2910
2911
2912
2913
2914
2915
4481
2917
2918
2919
2920
3112
2922
2923
2924
2925
2926
6825
2928
2929
2930
2931
2932
2933
2934
6566
2936
2937
2938
2939
2940
2941
2942
3438
8321
2945
2946
5007
8842
2949
2950
2951
2952
2953
5372
2955
1335
3158
2958
2959
6449
2961
2962
2963
2964
2965
2966
8673
2968
5583
680
2971
2972
2973
2974
2975
1608
2977
6150
2979
2980
2981
8444
2983
6053
2985
2986
2987
14
2989
2990
2991
2992
2993
2994
2995
2996
2997
3883
2999
9879
8060
3002
3003
3004
3005
3006
3007
3008
3009
3010
2590
3012
3013
7991
3015
4252
3017
3018
3019
3020
3021
2861
3023
3024
3025
3026
3027
3028
3029
3030
3031
3032
851
3034
4516
3036
3037
3038
7847
3040
3041
7012
5445
3044
3045
3926
3047
2080
3049
3050
3051
3052
3053
9131
3055
3056
3057
1279
3059
3060
3061
3062
3063
3064
3065
3066
8913
3068
3069
3070
3071
3072
3073
3074
3075
3076
3077
3078
3079
9557
3081
3082
3083
3084
3085
3086
7076
3088
6095
6837
3091
7213
3093
3094
3095
3096
8678
3098
3099
3104
3101
3102
3103
3100
1340
3106
3107
3108
3109
3110
3111
2921
3113
3114
3115
3116
3117
3118
3119
3120
3121
3122
224
3124
3125
3126
3127
3128
3129
3130
3131
3132
3133
3134
3135
3136
3137
6938
3139
3140
3141
3142
3143
3144
3145
3146
3147
3148
3149
2585
3151
3152
3153
3836
232
3156
3157
2957
3159
3160
9744
3162
3163
3164
9213
3166
3167
3168
3169
3170
3171
3172
3173
3174
3175
3176
3177
3178
4603
3180
3181
3182
3183
3184
3185
3186
1153
3188
3189
3190
3191
3192
3193
3194
3195
3196
3197
3198
3199
3200
3201
3202
3203
3204
3205
3206
3207
3208
3209
3210
3211
3212
3213
1509
3215
3216
3217
923
3219
3220
3221
2764
3223
3224
3225
3226
3227
3228
3229
5264
3231
3232
3233
3234
554
6153
3237
3238
5170
9076
3241
3242
3243
3244
3245
3246
3247
3248
3249
3250
5260
3252
6861
3254
3255
3256
1270
6693
3259
3260
3261
9412
3263
3264
3265
3266
7886
332
3269
3270
3271
3272
1264
3274
3275
3276
3277
3278
3279
3280
3281
1744
3283
8510
3285
3286
3287
38
3289
3290
3291
3292
7125
3294
3295
3296
3297
3298
3299
2683
3301
2569
3303
4568
3305
3306
3307
1703
6042
3310
3311
3312
3313
3314
3315
3316
6004
3318
3319
3320
3321
3322
3323
3324
3325
3326
3327
3328
3329
3330
3331
5491
3333
3334
3335
3336
3337
3338
3339
5582
3341
1516
3343
3344
3345
3346
3347
3348
3349
3350
8739
3352
3353
3354
3355
3356
3357
3358
7438
3360
3361
3362
3363
6776
3365
3366
3367
3368
3369
3370
8076
3372
3373
3374
3375
3659
3377
8766
3379
3380
3381
3382
3383
3384
3385
3386
3387
3388
3389
3390
3391
3392
9424
3394
3395
3396
3397
3398
3399
3400
9046
6629
3403
5727
3405
6223
3407
9518
2156
3410
3411
5593
3533
3414
3415
8176
3417
3418
3419
3420
1950
3422
3423
3424
2567
3426
3427
3428
3429
3430
3431
3432
3433
3434
3435
3436
4997
2943
3439
3440
3441
3442
3443
3444
3445
2407
3447
3448
5428
3450
1210
3452
3453
3454
3455
3456
3457
3458
3459
3460
3461
3462
3463
3464
3465
3466
3467
9140
5
4294
3471
3472
3473
3474
3475
3476
29
3478
3479
3480
3481
3482
3483
3484
3485
7899
4551
3488
3489
3490
3491
3492
3493
3494
3495
3496
3497
2565
3499
3500
3501
3502
3503
9796
3505
3506
3507
3508
3509
3510
3511
3512
9177
3514
3515
8234
3517
3518
3519
3520
3521
3522
5399
3524
3525
3526
3527
3528
7127
3530
3531
137
3413
2613
3535
2400
3537
3538
3539
8542
3541
3542
601
3544
3545
3546
2596
9959
5343
3550
3551
3552
3553
3554
3555
3556
3557
3558
3559
3560
3561
3562
3563
3564
3565
3566
3567
3568
175
3570
3571
3572
3573
3574
3575
3576
3577
3578
3579
3580
3581
3582
3583
3584
6536
3586
3587
3588
3589
3590
3591
6246
3593
3594
3595
3596
4687
3598
3599
3600
3601
3602
3603
8862
3605
3606
3607
3608
3609
79
3611
3612
6046
3614
4023
3616
3617
4790
3619
2377
3621
3622
9351
3624
3625
1455
3627
3628
3629
3630
3631
9998
3633
3634
3635
3636
3637
3638
3639
3640
3641
3642
3643
3644
3645
5913
3647
3648
3649
5506
3651
1523
3653
3654
3655
3656
3657
3658
3376
3660
3661
3662
3663
8384
3665
3666
3667
3668
9617
8063
3671
3672
3673
3674
3675
3676
3677
3678
3679
2353
3681
3682
3683
3684
3685
3686
3911
3688
3689
1180
3691
3692
3693
7948
3695
3696
3697
4762
5114
3700
3701
3702
3703
3704
7336
3706
3707
3708
3709
3710
3711
4018
4818
3714
3715
3716
3717
3718
3719
9929
3721
3722
3723
3724
3725
3726
3727
3728
3729
6338
3731
3732
3733
3734
3735
3736
3737
3738
3739
3740
3741
3742
3743
3744
3745
3746
3747
3748
3749
3750
3751
3752
3753
3754
3755
3756
3757
8857
3759
3760
3761
3762
5284
3764
3765
3766
3767
3768
3769
3770
3771
3772
3773
3774
3775
3776
3777
3778
1314
3780
3781
3782
3783
3784
3785
3786
4209
3788
3789
2090
3791
3792
3793
3794
3795
3796
3797
3798
5197
3800
3801
3802
5959
3804
3805
3806
3807
3808
5402
3810
3811
3812
3813
3814
5431
3816
4616
3818
3819
3820
8600
3822
3823
7518
3825
3826
3827
3828
3829
3830
3831
3832
3833
3834
3835
3154
3837
3838
3839
3840
3841
3842
6119
3844
3845
9549
3847
3848
3849
3850
3851
3852
3853
3854
3855
3856
3857
2418
3859
3860
3861
3862
3863
3864
3865
3866
3867
3868
9920
6801
3871
3872
3873
3874
3875
5089
3877
3878
3879
3880
3881
3882
2998
3884
3885
6736
3887
3888
3889
3890
3891
3892
3893
3894
3895
3896
3897
3898
3899
3900
3901
3902
3903
3904
3905
9084
3907
3908
7147
3910
3687
3912
3913
3914
3915
968
5485
3918
3919
3920
3921
3922
3923
3924
3925
3046
5575
3928
3929
3930
3931
3932
3933
3934
3935
3936
3937
3938
2262
3940
3941
3942
3943
3944
8993
3946
7259
3948
3949
3950
3951
7006
3953
3954
3955
3956
3957
3958
3959
3960
3961
3962
3963
3964
3965
8470
3967
3968
3969
3970
3971
8999
3973
3974
3975
3976
3977
3978
3979
3980
3981
3982
3983
879
5639
3986
3987
3988
7645
3990
3991
3992
3993
3994
3995
3996
3997
3998
2851
4000
4001
4002
4003
8789
4005
4006
4007
4455
8746
4010
252
4012
4013
4014
4015
4016
4017
3712
4019
4020
4021
4022
3615
4024
667
4026
4027
4028
4029
4030
4031
4032
4033
4034
4035
4036
4037
4038
4039
4040
4041
4042
4043
4044
4045
4046
4047
4048
4049
4050
4051
4052
4053
4054
4055
4056
4057
8799
4059
4060
4061
4080
4063
4064
4065
4066
4067
4068
4069
4070
4071
4072
4073
4074
4075
2751
4077
4078
4079
4062
4081
4082
4083
5037
4085
4086
4087
4088
4089
5562
4091
4092
4093
4094
735
2528
4097
5052
4099
4100
4101
4102
4103
4104
1521
4106
7053
4108
4109
4110
4111
4112
4113
9108
4115
4116
4117
4118
4119
4120
4121
4122
4123
4124
4125
4126
4127
4128
7927
4130
4131
4132
4133
4134
4135
9207
4137
4138
4139
4140
4141
4142
4143
4144
7276
4146
4147
4148
4149
4150
4151
4152
4153
4154
4155
4156
4157
8200
4159
2276
6559
4162
6643
4164
4165
4166
4167
4168
4169
4170
4171
4172
4173
4174
4175
4176
4177
4178
4179
9967
9876
6220
4183
4184
4185
4186
4187
4188
4189
4190
4191
8780
4193
4194
4231
4196
4197
4198
4199
4200
4201
4202
4203
4204
4205
4206
4526
4208
3787
4210
4211
4212
8934
4214
8154
8059
4217
2792
4219
4220
6618
4222
4223
4224
4225
4226
1978
4228
4229
6970
4195
4232
4233
4234
4235
4236
4237
4238
2586
4240
7693
2474
4243
2091
4245
4246
4247
4248
4249
4250
7946
3016
4253
4254
318
4256
4257
4258
4259
4260
4261
4262
4263
4264
4265
2849
4267
4268
4269
4270
4271
4272
6242
4274
4275
4276
4277
4278
4279
4280
5038
7155
4283
4284
4285
6068
4287
4288
1486
4290
4291
4292
4293
3470
4295
4296
21
4298
4299
1659
4301
4302
4303
4304
4305
4306
8266
4308
4309
4310
4311
4312
4313
4314
4315
7838
4317
2757
4319
4320
4321
4322
4323
4324
4325
4548
4327
9731
4329
553
4331
4332
4333
4334
4335
4336
4337
4338
4339
9793
4341
4342
4343
4344
4345
4346
7750
4348
4349
4350
4351
4352
4353
4354
4355
4356
6016
4358
9201
4360
4361
4362
4363
4364
4365
4366
4367
6365
4369
4370
4371
4679
4373
4374
4375
4376
4377
4378
4379
8460
7905
4382
4383
5213
4385
7620
4387
4388
4389
4390
7194
4392
4393
4394
4395
4396
4397
4398
4399
4400
4401
4402
4403
8568
4405
4406
4407
4408
2795
4410
4411
2059
4413
4414
4415
5333
4417
4418
4419
4420
9014
4422
4423
4424
4425
4426
4427
4428
4429
4430
4431
4432
4433
4434
4435
4436
4437
4438
6626
4440
4441
4442
4443
4459
4445
4446
4447
4448
4449
4450
4451
4452
9477
4454
4008
1033
4457
4458
4444
4460
4461
4462
4463
4464
4465
9326
4467
4468
1518
814
4471
4472
4473
4474
4475
1002
4477
4478
4479
8869
2916
4482
4483
4484
4485
4486
4487
4488
9444
4490
4491
4492
4493
4494
4495
4496
4497
9778
4499
4500
4501
4502
4503
4504
4505
4506
4507
4508
4509
4510
4511
2270
4513
4514
4515
3035
4517
4518
4519
8249
4521
5761
4523
2217
4525
4207
2693
4528
189
4530
4531
4532
4533
4534
4535
4536
4537
4538
4539
4540
4541
4542
6512
4544
5935
4546
4547
4326
4549
4550
3487
4552
19
4554
4555
4556
1656
4558
4559
4560
4561
4562
4563
59
4565
4566
4567
3304
4569
4570
4571
4572
4573
8610
4575
4576
4577
4578
4579
4580
5288
4582
4583
4584
4585
5006
4587
4588
1332
4590
4591
4592
8308
4594
4595
4596
4597
4598
4599
6103
4601
4602
3179
4604
4605
4606
2538
7735
5833
4610
4611
9235
4613
4614
4615
3817
4617
2729
1063
4620
4621
4622
8599
849
4625
4626
63
4628
4629
4630
7974
4632
4633
4634
4635
4636
1841
4638
5685
4640
1728
4642
4643
6239
4645
4646
4647
4648
4649
4650
4651
4652
4653
1646
4655
4656
4657
6358
8586
4660
4661
4662
4663
4664
4665
5527
4667
4668
4669
6093
4671
4672
4673
4674
4675
4676
9890
4678
4372
9707
4681
4682
4683
4684
4685
4686
3597
4688
4689
4690
4691
4692
4925
4694
4695
4696
4697
4698
4699
4700
4701
4702
4703
8665
6656
4706
4707
7488
4709
5013
4711
4712
4713
4714
4715
4716
4717
4718
4719
4720
4721
4722
4723
95
4725
4726
8141
4728
4729
4730
666
4732
4733
4734
4735
4736
4737
2803
4739
4740
4741
4742
4743
8520
4745
4746
4747
4748
4749
4750
5740
4752
4753
4754
4755
4756
1175
4758
4759
4760
4761
3698
4763
4764
4765
4766
8704
4768
4769
4770
4771
4772
4773
4774
4775
4776
4777
4778
4779
4780
4781
4782
4783
4784
2488
8185
4787
4788
9378
3618
4791
8909
4793
4794
4795
4796
4797
7896
4799
9064
4801
274
4803
4804
9984
4806
4807
4808
4809
4810
4811
4812
4813
4814
4815
4816
4817
3713
4819
2753
4821
4822
4823
4824
4825
2411
8340
4828
4829
4830
2268
4832
5958
4834
4835
4836
4837
4838
4839
787
4841
4842
4843
1892
4845
4846
4847
4848
6247
4850
4851
4852
4853
4854
4855
4856
4857
4858
4859
4860
4861
4862
4863
4864
4865
4866
4867
156
4869
4870
4871
4872
4873
4874
6233
852
4877
4878
4879
4880
4881
9837
4883
2337
4885
4886
4887
4888
4889
4890
4891
4892
4893
4894
4895
8754
4897
4898
4899
4900
4901
4902
4903
8124
5584
4906
4907
4908
4909
4910
4911
4912
4913
4914
4915
4916
4917
4918
5159
4920
4921
4922
4923
236
4693
4926
4927
4928
4929
4930
9860
4932
4933
4934
4935
4936
4937
4938
4939
2321
4941
9385
4943
4944
4945
4946
4947
4948
4949
4950
4951
6478
4953
4954
4955
4956
4957
4958
4959
4960
4961
4962
4963
4964
4965
4966
4967
4968
4969
4970
4971
4972
2774
4974
4975
4976
4977
4978
6893
4980
4981
4982
481
4984
4985
4986
4987
4988
6818
4990
4991
4992
4993
6213
6217
4996
3437
4998
4999
5986
5001
5002
5003
5004
5005
4586
2947
5008
5009
5010
5011
5012
4710
5014
5015
5016
8051
5018
1259
5020
5021
5022
5023
5024
525
5026
5027
5028
5029
5030
5031
5032
8403
5034
6986
5036
4084
4281
5039
5040
5041
5042
5043
5044
5045
5046
5047
7595
5049
5050
5051
4098
5053
8532
1542
5056
8588
5058
5059
5060
5061
5062
2075
5064
5065
5066
5067
5068
5069
5455
5071
5072
5622
5074
2389
5076
5077
1119
5079
5080
8427
5082
5083
5084
5085
5086
5087
5088
3876
5090
5091
1318
5093
9901
5095
5096
5097
664
5099
5100
5101
8628
5103
5104
7433
5106
5107
5108
5109
5110
5111
1886
5113
3699
5115
5116
5117
5118
2404
6676
5121
5122
5123
5124
5125
5126
5127
5128
5129
5130
5131
5132
5133
5134
5135
5136
5137
5138
5139
5140
5141
5142
5143
5144
5145
5146
5147
5148
5149
1844
5151
5152
5153
5154
5155
5156
7399
5158
4919
5160
5161
5162
5163
5164
5165
5166
5167
5168
5169
3239
5171
5172
5173
5174
5175
9387
5177
5178
5179
5180
5181
5182
5183
5184
5185
235
5187
5188
5189
5190
5191
5192
5193
5194
5195
5196
3799
5198
5199
5200
9395
5202
5203
5204
5205
5206
5207
5208
5209
5210
5211
7616
4384
5214
5215
5216
5217
5218
5219
5220
5221
5222
5223
5224
5225
5226
8048
5228
5229
476
5231
5232
5233
5234
5235
5236
5237
5238
6488
5240
5241
5242
5243
5244
1899
5638
5247
5248
5249
8989
5345
5252
5253
881
5255
5256
5257
5258
5259
3251
5261
5262
5263
3230
5265
5266
5267
5268
5269
5270
5271
5272
5273
5274
5275
5276
2298
5278
496
5280
5281
5282
5283
3763
5285
5286
5287
4581
5289
5290
5291
5292
5293
5294
5295
7332
5297
5298
2640
5300
5301
5302
5303
9580
5305
5306
5307
6934
5309
5310
5311
5312
5313
5314
5315
5316
5317
527
5319
9205
5321
5322
5323
5324
5325
5326
5327
5328
5329
5330
5331
5332
4416
5334
5335
5336
5337
5338
5339
6268
5341
5342
3549
1577
5251
5346
5347
6690
5349
5350
5351
5352
5353
5354
5355
5356
5357
5358
7973
6144
5361
5362
5363
5364
2485
5366
400
5368
960
8702
5371
2954
5373
5374
9052
5376
5377
5378
5379
5380
5381
2899
5383
5384
8001
5386
5387
5388
5517
5390
5391
5392
5393
5394
5395
5396
5397
5398
3523
5400
5401
3809
5403
2459
5405
5406
5407
5408
5409
5410
5411
5412
5413
5414
5415
5416
5417
5418
5907
5420
5421
5422
2224
7984
5425
5426
5427
3449
5429
5430
3815
9546
5433
5434
5435
2369
9842
6907
5439
5440
2592
5442
5443
5444
3043
5446
5447
5448
9956
5450
5451
5452
5453
5454
5070
406
5457
1159
5459
5460
5461
5462
9584
5464
5465
5466
7633
5468
5469
5470
5471
5472
5473
5474
8236
5476
5477
5478
2894
5480
8864
2886
5483
5484
3917
5486
5487
5488
5489
5490
3332
5492
5493
5494
5495
5496
5497
5498
5499
5500
5501
7834
5503
5504
5505
3650
5507
5508
5509
5510
5511
5512
5513
6094
5515
5516
5389
5518
9829
5520
5521
5522
1590
1573
5525
5526
4666
5528
5529
5530
5531
5532
5533
5534
5535
5536
5537
5538
5539
7818
5541
5542
5543
5544
5545
5546
5547
1138
5549
5550
5551
5552
5553
5554
5555
5556
47
5558
5559
5560
5561
4090
5563
5564
5565
5566
5567
5568
5569
5570
5571
6249
5573
5574
3927
5576
5577
5578
8169
6815
5581
3340
2969
4905
5585
5586
2126
5588
5589
5590
5591
5592
3412
5594
1974
5596
5597
5598
5599
5600
5601
5602
7073
5604
5605
5606
5607
9020
5609
5610
5611
5612
5613
5614
8879
5616
5617
5618
2733
5620
5621
5073
5623
5624
5625
5626
5627
2673
9153
5630
5631
5632
5633
5634
5635
5636
5637
5246
3985
5640
6740
5642
8257
5644
5645
5646
9718
6911
5649
5650
8215
5652
5653
5654
5655
614
5657
5658
5659
5660
5661
5662
9582
1936
5665
5666
7903
5668
5669
5670
5671
5672
5673
5674
5675
5676
5677
5678
5679
5680
5681
5682
5683
5684
4639
5686
5687
5688
5689
5690
5691
5692
7437
5694
5695
5696
5697
5698
5699
5700
5701
5702
5703
5704
5705
5706
5707
5708
5709
5710
107
5712
5713
5851
5715
5716
1327
5718
799
5720
598
2039
5723
5724
5725
5726
3404
5728
5729
5730
5731
5732
9073
5734
5735
5736
5737
5738
5739
4751
5741
5742
5743
5744
5745
439
5747
5748
5749
5750
5751
5752
5753
5754
5755
5756
5757
5758
5759
5760
4522
5762
5763
5764
526
5766
5767
5768
5769
5770
5771
5772
5773
5774
5775
5776
5777
5778
5779
5780
5781
5782
5783
5784
5785
5786
5787
5788
5789
5790
5791
5792
5793
5794
5795
7099
5797
5798
5799
5800
5801
5802
5803
5804
1707
5806
5807
5808
9491
5810
5811
5812
2761
5814
5815
5816
8904
5818
5819
5820
5821
5822
5823
5824
5825
5826
5827
8264
5829
8481
5831
5832
4609
5834
5835
5909
5837
8767
5839
5840
5841
5842
5843
5931
5845
5846
5847
5848
5849
8110
5714
5852
5853
5854
7639
5856
5857
5858
5859
5860
5861
5862
5863
5864
5865
5866
5867
5868
5869
5870
5871
5872
5873
5874
5875
5876
5877
5910
5879
5880
5881
5882
5883
5884
5885
5886
5887
5888
5889
5890
8389
5892
5893
5894
5895
5896
5897
5898
7184
5900
5901
5902
5903
5904
5905
5906
5419
5908
5836
5878
5911
5912
3646
5914
5915
203
5917
5918
5919
5920
5921
5922
5923
5924
5925
5926
5927
5928
5929
5930
5844
5932
5933
5934
4545
5936
5937
5938
5939
5940
5941
8408
1914
5944
5945
5946
5947
5948
5949
5950
5951
883
5953
8637
5955
5956
5957
4833
3803
5960
5961
5962
5963
5964
7074
5966
5967
5968
5969
782
5971
5972
5973
5974
5975
5976
5977
7129
5979
5980
5981
5982
5983
7687
5985
5000
5987
6928
5989
5990
5991
5992
5993
5994
5995
5996
5997
5998
5999
6000
9717
6002
626
3317
6005
6006
6007
6008
6009
6010
6011
6012
7720
9785
6015
4357
6017
6018
6019
6020
6021
6022
6023
6024
6025
6026
6027
6028
6029
2417
6031
7961
6033
6034
6035
985
6037
6038
6039
6040
6041
3309
6043
6044
6045
3613
6047
6048
6049
6050
6051
6052
2984
6054
6055
6056
6057
6058
6059
6060
6061
6062
6063
1998
6065
6066
6067
4286
6069
215
6071
6072
6073
6074
6075
1584
8077
6078
6079
6080
6081
6082
6083
6084
7466
6086
6087
6088
6089
6090
6091
2138
4670
5514
3089
6096
6097
6098
6099
6100
6101
6102
4600
6104
6105
6106
6107
6108
6109
8441
6111
6112
6113
6114
6115
6116
6117
6118
3843
6120
6121
6122
884
6124
7759
6126
6127
6128
6129
6130
6131
6132
6503
6134
6135
6136
6137
6138
6139
6140
6141
6142
6143
5360
6145
6146
6147
6148
6149
2978
833
6152
3236
6154
6155
6156
6157
6158
6159
6160
6161
6162
6163
7220
6165
6166
6167
6168
6169
6170
6171
6172
6173
6174
6175
1754
6177
6178
6179
6180
6181
6182
6183
8882
6185
6186
1059
1173
6189
6190
6191
6192
6193
6194
1537
6196
6197
6198
6199
6200
7165
6202
6203
6204
6205
6206
6207
6208
6209
6210
6211
6212
4994
6214
6215
170
4995
6218
6219
4182
6221
9413
3406
6224
6225
6226
6227
6228
6229
6230
6231
6232
4875
6234
6235
6236
6237
6238
4644
6240
6241
4273
6243
6244
6245
3592
4849
6248
5572
6250
6251
6252
6253
1807
6255
6256
6257
213
9403
6260
6261
6262
6263
6264
6265
7649
898
5340
886
8531
6271
6272
6273
6274
6275
6276
6277
6278
6279
6280
6281
6282
6283
6284
6285
6286
6287
8258
6289
7666
6291
6292
6293
6294
6295
6296
6297
6298
1599
6300
6301
6302
6303
6304
6305
6306
6307
6308
6309
6310
6311
6312
6313
6314
6315
6316
6317
188
6319
6320
6321
6322
6323
6324
6325
6326
6327
6328
6329
6330
6331
6332
6333
6334
6335
6336
6337
3730
6339
6340
6341
6342
2310
6344
6345
6346
6347
1684
6349
6350
6351
1746
6870
8552
6355
6356
6357
4658
6359
6360
7434
8072
6363
6364
4368
167
6367
6368
6369
6370
6371
6372
6373
1348
1805
6376
6377
6378
8744
2515
6381
9470
6383
6384
6385
6386
6387
6388
6584
1894
6391
6392
6393
6394
6395
6396
6397
6398
6399
6400
9513
267
6403
6404
6405
6406
6407
6408
6409
9994
6411
6412
6413
6414
6415
1134
1792
6418
6419
6420
6421
6540
6423
6424
6425
6426
6427
6428
6429
6430
8447
9208
6433
6434
6435
6436
6437
6438
6439
6440
6441
6442
6443
6444
6445
2811
6447
6448
2960
6450
6451
6452
6453
6454
9249
6456
6457
6458
6459
6460
6461
6462
6463
6464
9417
6466
6467
6468
6469
6470
6471
6472
6473
6474
6475
6476
6477
4952
6479
6480
6481
6482
6483
6484
6485
6486
6487
5239
7825
6490
6491
6492
6493
6494
6495
6496
6497
6498
6499
6500
6501
6502
6133
6504
6505
6506
6507
9914
6509
6510
896
4543
6513
1199
6637
6516
6517
6518
6519
2509
6521
6522
6523
6524
6525
6526
7527
7597
6529
7874
6531
6532
6533
6534
6535
3585
6537
6538
6539
6422
2323
6542
6543
6544
6545
6546
6547
6548
6549
6550
2424
9043
6553
6554
6555
6556
6557
6558
4161
6560
6561
997
6563
6564
865
2935
6567
6568
6569
6570
6571
6572
6573
6574
6575
6576
6577
6578
6579
6580
6581
6582
8801
6389
6585
6586
6587
6588
6589
6590
6591
6592
6593
6594
6595
6596
295
6995
6599
6600
6601
6602
6603
6604
6605
6606
6607
6608
6609
6610
6611
6612
6613
6614
6615
6616
6617
4221
6619
6620
6621
6622
6623
6624
1543
4439
6627
1630
3402
6630
6631
9195
6633
6634
6635
6636
6515
6638
6639
6640
6641
389
4163
6644
6645
6646
6647
6648
6717
6650
6651
6652
6653
6654
6655
4705
6657
6658
6659
6660
6661
6662
6663
6664
6665
6666
6667
6668
6669
6670
6671
9182
6673
7475
8302
5120
9880
2703
6679
6680
6681
6682
6683
6684
6685
8854
6687
6688
6689
5348
2179
6692
3258
6694
6695
6696
6697
6698
6699
6700
6701
6702
6703
6704
6705
6706
6707
6708
6709
6710
6711
6712
6713
6714
6715
6716
6649
6718
6719
2662
6721
6722
6723
612
2740
2275
6727
6728
6729
6730
6731
6732
6733
6734
6735
3886
2758
6738
6739
5641
6741
6742
9190
6744
6745
6746
6747
6748
6749
9058
2246
6752
6753
6754
6755
6756
6757
6758
6759
6760
7964
6762
6763
8305
6765
6766
6767
6768
6769
6770
6771
6772
6773
8246
6775
3364
6777
6778
6779
6780
2678
6782
2514
6784
9039
2598
6787
6788
6789
6790
6791
6792
6793
8828
6795
6796
6797
6798
6799
6800
3870
6802
6803
6804
6805
2136
1234
6808
6809
6810
6811
6812
6813
6814
5580
6816
6817
4989
6819
6820
6821
6822
6823
6824
2927
6994
6827
6828
2546
6830
6831
2279
6833
503
6835
6836
3090
6838
6839
6840
6841
6842
6843
6844
6845
6846
6847
2601
6849
6850
6851
6852
6853
7322
6855
6856
1086
1810
6859
6860
3253
6862
6863
6864
6865
6866
6867
6868
6869
6353
6871
6872
211
6874
6875
6876
6877
6878
6879
6880
6881
8398
6883
6884
6885
6886
6887
6888
6889
6890
6891
6892
4979
6894
6895
6896
6897
6898
6899
9288
6901
6902
6903
6904
6905
6906
5438
6908
6909
6910
5648
6912
6913
6914
6915
6916
6917
7516
6919
6920
6921
6922
6923
6924
6925
6926
6927
5988
6929
6930
6931
6932
6933
5308
6935
6936
6937
3138
6939
6940
6941
6942
6943
6944
1421
8776
6947
6948
6949
6950
6951
7797
6953
1294
6955
6956
2608
6958
6959
6960
6961
6962
6963
6964
532
6966
2540
6968
6969
4230
6971
6972
6973
6974
6975
6976
6977
6978
6979
6980
6981
6982
6983
6984
6985
5035
6987
6988
1354
6990
6991
6992
6993
6826
6598
6996
1106
6998
7727
7000
7001
7002
7003
445
7005
3952
7007
7280
7009
7010
7011
3042
7013
7014
7015
7016
7017
7018
7019
7020
7021
7022
7023
7024
2906
7026
2556
7028
7029
7030
7031
7032
7033
2250
7035
7036
9958
990
275
7040
7041
7042
7043
7044
7045
7046
7047
7048
7049
7050
2182
7052
4107
8734
7055
7056
7057
2812
7059
7060
7061
7062
7063
975
7065
7066
2384
7068
9847
7070
7071
7072
5603
5965
7075
3087
7077
7078
7079
7080
7081
7082
7083
7084
7085
7086
7087
7088
7089
7090
7091
7092
7093
7094
7095
7096
7097
2723
5796
7100
7101
7102
7103
7104
7105
7106
7107
7108
7109
7110
7111
7112
7113
7114
7115
7116
7117
9897
7119
7120
7121
7122
7123
7124
3293
7126
3529
7128
5978
7880
7131
7132
7133
7134
7135
7136
7137
7138
1098
7140
7141
7142
7143
7144
7145
8045
3909
7148
7149
7150
7151
7152
2794
7154
4282
7156
7157
7158
7159
7160
7161
7162
2626
7164
6201
7166
7167
7168
7169
7170
7171
7172
7173
7174
7175
970
7177
7178
7179
7180
7181
1085
7183
5899
7185
7186
7187
7188
7189
7190
7191
7192
7193
4391
7195
7196
7197
7198
7199
7200
7201
7202
7203
7204
7205
7206
7207
7208
7209
7210
7211
7212
3092
7214
1319
7216
7217
7218
7219
6164
7221
2303
7223
7224
7225
7226
8613
7228
7229
7230
7231
7232
7233
7234
7235
7236
7237
7238
7239
7240
7241
7242
1563
7244
7245
7246
7247
7248
8736
7250
7251
7252
9071
7254
7255
7256
7550
7258
3947
7260
7261
7262
7263
7264
7265
1986
7267
7268
7269
7270
7271
7272
7273
7274
7275
4145
7277
7278
7279
7008
7281
216
7283
7284
7285
7286
7287
8021
7289
7290
7291
7292
7293
7294
7295
7296
7297
7298
7299
7300
7301
7302
7303
7304
7305
7306
7307
7308
7309
7310
7311
7312
7313
7605
7315
7316
7317
7318
7810
7320
7321
6854
7323
1822
7325
7326
7327
7328
7329
7442
7331
5296
7333
7334
7335
3705
7337
7338
7339
7340
7341
7342
7343
7344
7345
2842
2687
7348
7349
1929
8603
7352
7353
7354
7355
7356
7357
7358
7359
7360
7361
193
7363
7364
7365
7366
7367
7368
7369
7370
7371
9833
7373
7374
7375
7376
7377
7378
7379
7380
7381
7382
7383
7384
7385
7386
7387
7388
1837
7390
7391
7392
7393
7394
8508
7396
7397
7398
5157
7400
7401
7402
7403
7404
7405
1306
9709
7408
7409
7410
7411
7412
7413
7414
7415
7416
7417
7418
1298
7420
7421
2403
7423
7424
7425
7426
7427
7428
7660
7430
7431
7432
5105
6361
7435
7436
5693
3359
7439
7440
7441
7330
7443
7444
7445
99
7447
7448
2061
7450
7451
7861
7453
1114
7455
7456
7457
7458
1152
7460
7461
7462
7463
7464
7465
6085
7467
7468
7469
520
7471
7926
1947
7474
6674
7476
7477
7478
7479
7480
2157
7892
7483
7484
7485
7486
7487
4708
7489
7490
7491
7492
2463
7494
7495
7496
7497
7498
7499
7500
7501
7502
7503
7504
1739
7506
7507
7508
7509
7510
7511
2692
7513
7514
7515
6918
7517
3824
7519
7520
7521
7522
7523
7524
7525
7526
6527
7528
7529
7530
7531
7532
7533
7534
7535
7536
7537
7538
7539
7540
7541
7542
7543
7544
7545
7546
7547
7548
7549
7257
7551
7552
7553
7745
7555
7556
7557
7558
7559
7560
7561
7562
7563
7564
7565
7566
7567
7568
7569
7570
7571
7572
7573
7574
7575
701
7577
7578
7837
7580
7581
7582
7583
7584
7585
7934
7587
7588
7589
7590
7591
7592
7593
7594
5048
7596
6528
7598
7599
7600
7601
7602
7603
7604
7314
7890
7607
7608
7609
7610
7611
7612
7613
7614
727
5212
8283
7618
9605
4386
7621
7622
7623
396
7625
1981
7627
7628
7630
7629
7631
7632
5467
7901
7635
7636
7637
783
5855
7640
7641
433
2771
7644
3989
7646
7647
7648
6266
7650
7651
7652
7653
7654
7655
7656
7657
7658
7659
7429
7661
7662
7663
7664
7665
6290
7667
9114
1020
7670
8074
7672
7673
7674
7675
7676
7677
7678
7679
7680
7681
644
7683
7684
7685
7686
5984
7688
7689
7690
7691
2746
4241
2471
7695
7696
7697
7698
7699
7700
7701
7702
9409
7704
7705
7706
7707
7708
7709
9061
7711
7712
7713
7714
7715
7716
7717
7718
7719
6013
8924
7722
7723
7724
7725
8672
6999
7728
7729
7730
7731
7732
7733
7734
4608
7736
7737
7738
7739
7740
7741
7742
7743
7744
7554
2025
7747
7748
7749
4347
7751
7752
7753
7754
7755
7756
7757
7758
6125
7760
7761
7762
7763
7764
7765
7766
7767
7768
7769
7770
7771
7772
7773
7774
7775
7776
7777
7778
7779
7780
7781
8184
7783
1035
7785
7786
7787
8286
7789
7790
7791
7792
905
8666
7795
7796
6952
7798
7799
7800
2804
7802
9554
7804
7805
7806
7807
7808
7809
7319
7811
7812
7813
7814
7815
7816
7817
5540
7819
1907
7821
7822
7823
7824
6489
7826
8684
7828
7829
7830
1178
7832
7833
5502
7835
7836
7579
4316
7839
7840
7841
1815
7843
7844
9811
7846
3039
7848
7849
7850
7851
7852
7853
7854
7855
7856
9241
7858
7859
7860
7452
7862
7863
7864
7865
7866
7867
7868
7869
7870
7871
7872
7873
6530
7875
7876
7877
7878
7879
7130
7881
7882
7883
7884
7885
3267
7887
2009
7889
7606
7891
7482
7893
7894
7895
4798
7897
9970
3486
7900
7634
7902
5667
7904
4381
7906
7907
7908
7909
7910
7911
7912
7913
7914
7915
7916
7917
7918
7919
7920
959
7922
7923
7924
7925
7472
4129
7928
7929
7930
7931
7932
7933
7586
7935
7936
7937
8067
7939
7940
7941
7942
7943
7944
7945
4251
7947
3694
7949
7950
7951
7952
7953
7954
7955
7956
7957
7958
7959
7960
6032
7962
73
6761
7965
9458
2074
7968
7969
7970
7971
7972
5359
4631
8953
7976
7977
7978
1898
7980
7981
7982
1768
5424
7985
7986
7987
7988
1868
7990
3014
7992
7993
2342
7995
7996
7997
7998
7999
8000
5385
8002
8003
2686
8005
8006
8007
8008
8009
8010
8011
8012
8013
8014
2725
8016
8017
8018
8019
8020
7288
8022
8023
8024
8025
8026
8027
8028
8029
8030
8031
8032
8033
77
8035
8036
8037
8038
8039
8040
8041
8042
8043
9510
7146
8046
722
5227
8049
8050
5017
8052
8053
8054
8055
8056
9106
8058
4216
3001
8061
8889
3670
994
8065
8066
7938
8068
8069
8435
8071
6362
8073
7671
8075
3371
6077
9047
8079
8080
8081
8082
8083
836
8085
8086
8087
8088
8089
8090
8091
8092
8093
8094
8095
8096
8097
8098
8099
8100
8101
8102
8103
8104
8105
8106
8107
8108
8270
5850
8111
8112
8113
8114
8115
8116
8117
1574
8119
8120
8121
8122
8123
4904
8125
8126
8127
2170
8129
8130
8131
8132
8133
8134
8135
8136
8492
8138
8139
8140
4727
8142
8143
8144
8145
8146
8147
8148
8149
8150
8151
8152
8153
4215
8155
9475
8157
8158
8159
8160
8161
8162
8163
8164
8165
2870
8167
8168
5579
8170
8171
8172
8291
8174
8175
3416
8177
8178
8179
8180
8181
8182
8183
7782
4786
8186
8187
8188
8189
8190
8191
8192
8193
8194
8195
8196
1719
1944
653
4158
8201
8202
8203
8204
8205
8206
8207
8208
8209
8210
8211
8212
1970
8214
5651
8216
8217
8218
8219
8220
276
8222
8223
8224
8225
8226
8227
9858
9389
8230
8815
8232
8233
3516
8235
5475
8237
2676
1136
8240
8241
62
8243
8244
8245
6774
8247
8248
4520
8250
8251
8252
8253
8254
8255
8256
5643
6288
8259
8260
8261
8262
8263
5828
8906
4307
8267
8268
8269
8109
8271
8272
8273
8274
8275
8276
8277
8278
8279
8280
8281
8282
7617
8284
8285
7788
8287
8288
8289
8290
8173
8292
8293
8294
8295
8296
8297
8298
8512
8300
8301
6675
1406
8304
6764
8306
8307
4593
1965
8310
8856
8312
8313
8314
8315
8316
8317
8318
8319
291
2944
8322
8323
8324
8325
8326
8327
8328
2103
8330
8331
8332
8333
8334
8335
8336
8337
8338
8339
4827
8341
8342
8990
8344
8345
8346
8347
8348
590
8350
8351
8352
8353
8354
8355
8356
8357
2581
8359
591
8361
8362
9152
8364
1457
8366
8367
8368
8369
8370
8371
8372
8373
8374
8375
8376
115
8378
8379
8380
8381
8382
8383
3664
8385
8386
415
8388
5891
8390
8391
8392
8393
8394
8395
8396
8397
6882
8399
8400
8401
8402
5033
8404
8405
8406
1082
5942
8409
764
8411
8412
8413
8414
8415
8416
8417
8418
8419
8420
8421
8422
8423
1185
8425
8426
5081
8428
8429
8430
119
8432
8433
8434
8070
8436
8437
8438
8439
8440
6110
1875
8443
2982
8445
8446
6431
8448
8876
8450
8451
8452
8453
8454
8455
2787
8457
8458
1470
4380
8461
8462
8463
8464
8465
9669
8467
8468
8469
3966
8471
8472
8473
8474
8475
8476
9407
8478
8479
8480
5830
8482
8483
8484
8485
8486
8487
8488
8489
8490
8491
8137
8493
978
8495
8496
8497
8498
8499
8500
8562
8502
8503
8504
8505
8506
8507
7395
1450
3284
8511
8299
8513
8514
8515
8516
8517
8518
8519
4744
1443
8522
8523
8524
8525
8526
8527
8528
8529
8530
6270
5054
8533
8534
8535
8536
8537
8538
8539
8540
8541
3540
8543
8544
8545
8546
8547
8548
8549
8550
2132
6354
8553
8554
8555
8556
8557
8558
8559
8560
8561
8501
9915
8564
8565
8566
8567
4404
2356
8570
8571
8572
1787
8574
8575
8576
8577
8578
8579
8580
8581
8582
2542
8584
8585
4659
8587
5057
93
8590
8591
8592
8593
8594
1268
8596
8597
8598
4623
3821
8601
8602
7351
8604
8605
8606
1984
8608
8609
4574
8611
8612
7227
8614
414
8616
8617
8618
8619
8620
8621
8622
8623
8624
8625
8626
8627
5102
8629
8630
8631
8632
8633
8634
8635
9619
5954
8638
8639
8640
8641
8759
8643
8644
8645
8646
8647
1177
8649
8650
8651
8652
1809
8654
8655
8656
8657
8658
8659
8660
8661
8662
8663
8664
4704
7794
8667
8668
8669
8670
9568
7726
2967
8674
8675
8676
9734
3097
8679
8680
8681
8682
8683
7827
9851
8686
8687
8688
8689
8690
8691
8692
8693
1078
8695
8696
8697
8698
8699
8700
8701
5370
8703
4767
8705
8706
8707
8708
8709
8710
8711
8712
8713
8714
8715
8716
8717
8718
8719
8720
8721
8722
8723
8724
8725
8726
8727
8728
8729
8730
8731
8732
8733
7054
8735
7249
8737
8738
3351
8740
8741
1286
8743
6379
8745
4009
8747
8748
8749
8750
8751
8752
2874
4896
9953
8756
8757
8758
8642
8760
8761
8762
8763
8764
8765
3378
5838
8768
8769
8770
8771
8772
8773
8774
8775
6946
8777
8778
8779
4192
8781
8782
8783
8784
8785
8786
8787
2780
4004
8790
8791
8792
9585
8794
776
8796
8797
8846
4058
9552
6583
8802
8803
8804
8805
8806
8807
8808
8809
8810
8811
8812
8813
8814
8231
8816
8817
8818
8819
8820
8821
8822
8823
8824
8825
8826
8827
6794
8829
8830
8831
8832
8833
8834
8835
8836
8837
8838
8839
8840
8841
2948
8843
8844
8845
8798
8847
8848
2473
8850
8851
9541
8853
6686
8855
8311
3758
8858
8859
8860
9381
3604
8863
5481
8865
8866
8867
8868
4480
8870
8871
8872
8873
8874
8875
8449
8877
8878
5615
9629
8881
6184
8883
8884
8885
8886
8887
8888
8062
8890
8891
8892
8893
8894
8895
8896
2707
8898
8899
8900
2819
8902
8903
5817
8905
8265
8907
8908
4792
8910
8911
8912
3067
8914
8915
8916
8917
9357
8919
8920
8921
8922
8923
7721
8925
8926
8927
1610
8929
8930
8931
8932
8933
4213
9665
8936
8937
8938
8939
8940
8941
8942
8943
8944
8945
303
8947
8948
8949
8950
8951
8952
7975
8954
8955
8956
8957
8958
8959
8960
8961
8962
8963
8964
8965
8966
8967
8968
8969
8970
8971
8972
8973
8974
8975
8976
8977
8978
8979
8980
8981
8982
8983
8984
8985
8986
8987
8988
5250
8343
8991
8992
3945
8994
8995
8996
8997
8998
3972
9000
9001
9805
9003
9004
9005
9006
9007
9008
9009
2011
9011
9012
9013
4421
9015
9016
855
9018
9019
5608
9021
9022
9023
9024
9025
9026
535
9028
9029
9030
9031
9032
9033
9034
9035
9036
9037
9038
6785
9040
9041
9042
6552
9044
9045
3401
8078
9048
9049
9523
9051
5375
9053
9054
9055
9056
9057
6750
9059
9060
7710
9062
1948
4800
9065
9066
9067
9068
9069
9070
7253
9072
5733
9074
9075
3240
9077
9078
9079
9080
9081
9082
9083
3906
9085
9086
9087
9088
9089
9090
9091
9092
9093
9094
9095
9096
9097
9098
9099
9100
9101
9102
9103
9104
9105
8057
9107
4114
9109
9110
9628
9112
9113
7668
9115
9116
9117
9118
9119
9120
9121
9122
9123
9124
9125
9126
9127
9128
9129
9130
3054
9132
9133
9134
9135
9136
9137
9138
9139
3468
9141
9142
9143
9144
2799
9146
9147
9148
9149
9150
9151
8363
5629
9154
9155
9156
9157
9158
9159
9160
9161
9162
9163
9164
9165
9166
9167
9168
9169
9170
9171
9172
9173
9174
9175
9176
3513
861
9179
9180
1866
6672
9183
9184
9185
9186
9187
9188
9189
6743
9191
9192
9193
9194
6632
9196
492
9198
9199
9200
4359
9202
9203
9204
5320
9206
4136
6432
1064
9210
9211
9797
3165
9308
9215
9609
76
9218
2169
9220
9221
9222
9223
1689
9225
9226
9227
9228
9229
9230
9231
9232
9233
9234
4612
9236
9237
1135
9239
9240
7857
9242
9243
1021
9245
1782
2479
9248
6455
941
185
9252
9253
9254
315
9256
9257
9336
9259
9260
9261
9262
9263
9264
9265
9266
9267
9268
9269
9270
9271
9272
9273
9274
9275
9276
9277
9278
9279
9280
9281
9282
9283
9284
9285
9286
9287
6900
9289
9290
2878
9292
9293
9294
9295
9296
9771
9298
9299
9300
9301
9302
882
9304
9305
9306
9307
9214
9309
9310
9311
9312
9313
9314
9315
9316
9317
9318
9319
9320
9321
1401
9323
9324
9325
4466
9327
9328
9329
2313
9331
9332
9333
9334
9335
9258
9337
9338
9339
9340
9341
9342
9343
9344
9345
9346
9347
9348
9349
9350
3623
9352
9353
9354
9355
9356
8918
9358
9359
9360
9361
9362
9363
9364
9365
9366
9367
9368
9369
9370
9371
9372
9373
9374
9375
9376
9377
4789
9379
9380
8861
9382
9383
9384
4942
9386
5176
9388
8229
1933
9391
536
9393
9394
5201
9396
9397
9398
9399
2750
9401
9402
6259
9404
9405
9406
8477
9408
7703
9410
9411
3262
6222
9414
9415
9416
6465
9418
9419
9420
9421
9422
9423
3393
9425
9426
9427
9428
939
9430
9431
9432
9433
1429
9435
9436
9437
9438
9439
9440
9441
9442
9443
4489
9445
9446
9447
9448
9449
9450
9451
9452
9453
9454
9455
9456
9457
7966
9459
9460
9461
9462
9463
9464
9465
9466
9467
9468
9469
6382
9471
9472
9473
9474
8156
9476
4453
9478
9479
9480
9481
9482
9483
9484
9485
9486
9487
9488
9489
9490
5809
9492
9493
9494
9495
9496
9497
9498
9499
9500
9501
9502
9503
9504
9505
9506
9507
9508
9509
8044
9511
9512
6401
9514
9515
9516
9517
3408
9519
9520
9521
9522
9050
9524
9525
9526
9527
9528
9529
9530
665
9532
9533
9534
9535
9536
9537
9538
9539
9540
8852
9542
9543
9544
9545
5432
9547
9548
3846
9550
9551
8800
9553
7803
9555
9556
3080
10000
9559
867
9561
9562
9563
9564
9565
9566
9567
8671
9569
9570
9571
9572
9573
2620
9575
9576
9577
9578
9579
5304
9581
5663
9583
5463
8793
9586
2665
9588
9589
9590
9591
9592
9593
9594
442
9596
9597
9598
9599
9600
9601
9602
9603
9604
7619
9606
9607
9608
9216
9610
9611
1437
9613
2521
9615
9616
3669
9618
8636
9620
9621
9622
9623
9624
9625
9626
9627
9111
8880
2288
9631
9632
9633
9634
9635
9636
9637
9638
9639
9640
9641
9642
9643
9644
9645
9646
9647
9648
1372
9650
1923
9652
9653
9654
9655
9656
9657
9658
104
9660
9661
9662
9663
9664
8935
9666
9667
9668
8466
9670
9671
9672
9673
9674
9675
9676
9677
9678
9679
9680
9681
9682
9683
9684
9685
9686
9687
9688
9689
9690
323
9692
9693
9694
9695
9696
9697
9698
9699
9700
9701
9702
9703
9704
9705
9706
4680
9708
7407
9710
9711
2549
9713
9714
9715
9716
6001
5647
9719
9720
9721
9722
9723
9724
9725
9726
2017
9728
9729
9730
4328
206
9733
8677
2187
9736
9737
9738
9739
9740
9741
9742
9743
3161
9745
9746
9747
9748
9749
9750
9751
9752
9753
9754
9755
9756
9757
9758
9759
9760
9761
9762
9763
9764
9765
9766
9767
9768
9769
9770
9297
9772
9773
9774
9775
9776
9777
4498
9779
9780
9781
9782
9783
9784
6014
9786
9787
9788
9789
9790
9791
9792
4340
9794
9795
3504
9212
9798
9799
9800
9801
9802
9803
9939
9002
9806
9807
9808
9809
9810
7845
9812
9813
9814
9815
9816
9817
9818
9819
9820
2536
9822
9823
9824
9825
9826
9827
9828
5519
9830
9831
9832
7372
207
9835
9836
4882
9838
9839
9840
9841
5437
9843
9844
9845
9846
7069
9848
9849
9850
8685
9852
9853
2113
9855
9856
9857
8228
9859
4931
9861
9862
9863
9864
9865
9866
9867
9868
9869
9870
9871
9872
1781
9874
9875
4181
9877
9878
3000
6677
9881
9882
9883
9884
9885
9886
9887
9888
9889
4677
9891
9892
9893
9894
9895
9896
7118
9898
9899
9900
5094
9902
9903
9904
9905
9906
9907
1581
9909
9910
9911
9912
9913
6508
8563
9916
9917
9918
9919
3869
9921
9922
9923
9924
9925
9926
9927
9928
3720
9930
9931
9932
9933
1527
9935
9936
9937
9938
9804
9940
9941
9942
9943
9944
969
9946
9947
9948
9949
9950
9951
9952
8755
9954
9955
5449
9957
7037
3548
9960
9961
9962
9963
9964
9965
9966
4180
9968
9969
7898
9971
9972
9973
9974
9975
9976
9977
9978
9979
9980
9981
9982
9983
4805
9985
1374
9987
9988
9989
9990
9991
9992
9993
6410
9995
9996
9997
3632
9999
9558
