1
467
507
4
5
6
7
8
9
10
11
12
13
429
15
16
17
18
19
20
21
22
23
24
25
26
27
28
276
30
67
32
33
34
35
36
37
38
39
40
41
701
43
44
45
46
47
859
49
50
51
52
53
54
996
56
57
162
59
60
61
62
63
793
65
66
31
68
376
70
71
72
73
305
93
76
202
78
466
80
81
82
83
84
85
86
87
88
89
90
91
92
75
94
95
96
97
98
99
100
101
102
103
104
105
106
107
108
109
110
111
112
472
114
445
116
117
118
119
928
548
122
123
124
125
126
127
128
129
130
210
132
133
134
135
136
904
975
139
140
141
173
143
144
145
146
147
788
149
150
151
152
677
863
155
156
157
158
159
160
161
58
384
164
165
166
167
168
169
170
171
172
142
174
175
176
177
178
564
180
181
182
183
184
185
186
187
188
189
190
191
192
193
764
195
196
197
198
199
649
201
77
203
204
205
206
949
250
209
131
211
212
213
592
215
216
680
218
219
220
221
352
223
224
893
226
227
228
556
230
231
232
233
234
235
236
237
238
239
240
241
242
243
244
245
625
247
248
914
208
251
252
253
254
255
256
257
258
259
260
261
262
263
264
265
266
290
268
269
270
271
272
273
274
275
29
277
742
279
280
281
282
283
957
285
286
287
288
539
267
291
618
794
294
295
296
446
298
299
300
301
302
303
304
74
306
307
308
309
310
311
997
313
602
315
316
317
318
319
320
321
861
323
324
325
326
327
328
329
330
973
332
567
334
335
535
337
338
339
340
341
342
343
344
345
346
347
361
349
350
351
222
353
354
355
356
357
358
359
360
348
362
549
364
365
366
367
368
369
370
371
372
373
374
375
69
931
378
379
380
381
382
383
163
385
386
387
528
591
390
391
392
393
394
635
396
397
981
578
400
401
402
403
404
405
406
407
408
409
410
411
412
413
605
415
416
417
853
419
420
720
422
423
607
425
923
427
428
14
430
570
432
433
434
435
436
437
438
439
757
441
442
443
444
115
297
829
623
449
450
451
452
453
879
455
456
457
458
459
460
461
462
463
758
465
79
2
468
469
470
471
113
473
474
475
476
477
478
479
480
481
482
483
484
485
486
487
488
489
490
944
492
493
494
495
496
497
498
499
500
501
502
503
504
505
506
3
508
509
510
657
812
513
514
515
516
656
518
519
585
850
522
523
524
525
987
527
388
789
530
531
532
533
534
336
536
537
538
289
540
541
569
543
544
545
546
547
121
363
550
551
552
553
554
555
229
557
558
559
560
565
562
563
179
561
566
333
568
542
431
571
572
573
574
575
576
577
399
579
580
581
582
583
584
520
586
587
588
589
639
389
214
593
594
595
596
597
598
599
600
601
314
603
604
414
606
424
608
721
610
611
612
613
614
615
616
617
292
619
620
621
622
448
624
246
626
627
699
629
630
631
632
633
716
395
636
637
638
590
640
641
642
643
644
645
646
647
648
200
650
651
652
653
972
655
517
511
658
659
660
661
662
663
664
665
666
667
668
669
670
671
672
673
674
675
676
153
918
679
217
681
964
683
684
685
686
687
688
689
690
691
692
717
694
695
696
697
698
628
700
42
702
703
704
705
706
707
708
709
710
711
712
947
714
715
634
693
718
719
421
609
722
723
724
725
726
727
728
729
730
731
732
733
734
735
736
737
738
739
740
741
278
743
744
745
746
747
748
749
750
751
752
753
754
755
756
440
464
759
760
761
762
763
194
989
766
767
768
769
770
771
772
773
774
775
776
777
778
779
820
846
782
783
784
785
786
787
148
529
790
791
792
64
293
795
796
797
798
799
800
801
802
803
804
805
806
807
808
809
810
811
512
813
814
815
816
979
818
819
780
821
822
823
824
825
826
827
828
447
830
831
832
833
834
835
836
837
838
912
840
841
842
843
844
845
781
847
848
849
521
851
852
418
854
855
856
857
858
48
860
322
862
154
864
865
866
867
940
869
870
871
872
873
874
875
876
877
878
454
962
881
882
883
884
885
886
887
888
889
890
891
892
225
894
896
895
897
898
899
900
901
902
903
137
905
906
907
908
909
910
911
839
913
249
915
916
917
678
919
920
921
922
426
924
925
926
946
120
929
930
377
932
933
934
935
936
937
938
939
868
954
942
943
491
945
927
713
948
207
950
951
952
953
941
955
956
284
958
959
960
961
880
963
682
965
966
967
968
969
970
971
654
331
974
138
976
977
978
817
980
398
982
983
984
985
986
526
988
765
990
991
992
993
994
995
55
312
998
999
1000
