1000
999
998
524
996
995
994
993
992
991
990
989
988
987
986
985
984
983
982
981
980
979
978
977
976
975
974
973
972
156
970
969
202
967
966
965
635
963
962
961
504
959
501
957
46
955
954
953
952
833
950
949
948
947
946
945
935
809
942
7
940
939
639
12
183
944
934
933
932
931
930
929
928
927
926
925
924
450
922
921
920
730
918
917
690
915
914
913
912
911
910
909
560
907
906
297
904
903
902
901
900
874
898
897
896
895
894
893
892
383
890
889
888
887
886
885
884
883
882
881
880
597
215
877
876
875
899
873
872
871
870
869
868
418
866
865
864
863
862
861
860
859
858
857
382
855
854
853
451
851
850
849
848
847
846
845
844
843
842
841
840
839
838
837
836
835
29
951
832
831
830
829
828
827
826
783
824
823
822
821
820
819
818
660
816
815
814
813
812
811
810
943
808
807
806
805
804
803
802
801
800
2
295
797
452
795
794
793
792
791
790
722
788
350
786
51
784
825
782
781
47
779
778
342
776
22
774
773
772
771
770
769
768
767
766
765
514
763
564
761
760
759
758
634
277
755
212
753
752
751
676
749
748
747
746
745
744
179
742
741
740
692
738
737
736
735
734
733
389
731
919
79
728
658
726
725
724
723
789
721
720
719
141
717
716
715
714
388
712
647
710
709
419
166
706
705
704
703
702
178
700
699
698
697
696
72
694
693
739
226
916
689
688
687
686
685
426
683
682
681
669
679
678
677
750
256
674
673
672
445
670
680
668
667
203
665
664
663
662
83
817
659
727
657
167
655
654
653
522
651
650
649
648
711
646
645
644
643
66
70
640
938
638
637
636
964
757
633
632
631
630
629
628
559
626
625
624
623
622
621
620
619
618
617
616
615
614
613
612
611
610
609
608
607
606
605
604
603
602
601
600
599
598
879
596
595
594
593
592
591
590
589
588
587
586
585
584
462
582
581
218
579
578
577
576
575
574
573
572
571
570
569
568
567
566
565
762
563
562
561
908
627
558
557
556
555
554
553
552
457
550
448
548
547
546
545
187
543
542
541
540
539
538
537
245
535
36
533
532
116
530
529
528
527
526
263
997
523
652
521
520
519
518
517
516
515
764
60
512
511
510
152
508
507
506
505
960
503
502
958
500
499
498
108
14
495
494
493
492
491
490
489
488
487
486
485
484
483
482
481
480
479
478
477
476
475
459
473
472
34
470
469
468
467
466
465
464
463
583
30
140
474
458
551
456
455
454
453
796
852
923
449
549
447
446
671
444
443
442
441
440
439
438
437
436
435
434
433
432
431
430
429
428
427
684
425
424
423
422
421
420
708
867
417
220
415
414
413
412
411
410
409
288
407
406
405
404
403
402
401
58
399
398
397
396
395
394
393
153
391
390
732
713
387
386
385
384
891
856
381
380
379
378
377
376
375
374
373
372
371
370
369
368
367
278
365
364
363
362
361
360
359
358
357
351
355
354
257
352
356
787
349
348
347
346
345
344
343
777
341
340
339
338
337
336
335
334
333
332
331
330
329
328
327
326
325
324
323
322
321
320
319
90
317
316
315
314
313
312
311
102
309
308
307
306
305
304
303
302
301
300
299
298
905
100
798
294
293
292
291
290
289
408
287
286
285
284
283
282
281
280
279
366
756
276
275
274
273
272
271
270
269
268
267
93
265
264
525
262
261
260
259
258
353
675
255
254
253
252
251
250
249
248
247
246
536
244
243
242
241
240
239
238
237
236
235
234
233
232
231
230
229
228
227
691
225
224
223
222
221
416
219
580
217
216
878
214
213
754
211
210
209
208
207
206
205
204
666
968
201
200
199
198
197
196
195
194
193
192
191
190
189
188
544
186
185
97
936
182
181
180
743
701
177
176
175
174
173
172
105
170
169
168
656
707
165
164
163
162
161
160
159
158
157
971
155
154
392
509
151
150
149
148
147
146
145
144
143
142
718
460
139
138
137
136
135
134
133
132
131
130
15
128
127
126
125
104
123
122
121
120
119
118
117
531
115
114
113
112
111
110
109
497
107
106
171
124
103
310
101
296
99
98
184
96
95
94
266
92
91
318
89
88
87
86
85
84
661
82
81
80
729
78
77
76
75
74
73
695
71
641
69
68
67
642
65
64
63
62
61
513
59
400
57
56
55
54
53
52
785
50
49
48
780
956
45
44
43
42
41
40
39
38
37
534
35
471
33
32
31
461
834
28
27
26
25
24
23
775
21
20
19
18
17
16
129
496
13
937
11
10
9
8
941
6
5
4
3
799
1
