31
9
674
682
373
557
338
778
942
303
264
358
218
258
678
29
548
409
468
864
534
790
914
274
707
688
940
734
925
359
364
887
393
698
81
84
91
571
747
559
232
751
453
72
174
670
144
540
705
298
780
862
491
249
182
92
735
922
714
805
472
578
220
487
503
5
111
32
546
808
539
378
116
886
408
667
267
676
136
847
434
619
785
612
694
643
463
113
748
836
212
19
994
988
718
415
761
44
564
150
896
904
236
57
516
825
916
237
320
765
754
897
562
279
829
115
591
817
157
919
71
68
301
88
83
816
480
893
14
620
173
981
314
366
873
827
984
350
642
181
967
476
153
250
50
411
131
121
176
890
169
860
608
61
347
652
758
118
992
37
757
323
223
969
244
728
952
209
639
66
673
433
725
799
529
54
184
592
228
995
49
560
563
878
430
845
381
376
839
774
188
986
431
610
479
590
456
443
467
372
933
993
26
200
569
700
424
665
788
846
297
225
531
324
626
245
399
595
865
360
226
715
422
511
87
328
74
486
405
720
675
383
270
299
452
861
709
832
596
724
263
518
837
166
980
135
668
356
741
398
572
552
671
535
951
457
268
771
915
875
59
513
581
494
913
300
505
25
48
234
309
763
414
440
971
114
227
386
318
496
78
213
397
655
142
889
284
195
248
152
632
352
52
858
855
944
504
172
975
840
365
956
436
23
438
973
582
570
960
254
669
387
412
276
79
246
239
34
47
165
828
541
379
907
708
191
196
628
663
407
345
459
806
935
601
690
722
514
547
756
348
216
954
955
795
648
307
929
385
602
371
396
40
11
446
977
926
426
21
163
566
819
162
576
339
507
909
197
432
749
599
325
110
315
56
192
666
809
312
775
343
650
62
90
80
109
959
779
895
418
879
262
137
852
98
12
392
20
574
344
7
624
448
461
918
556
536
394
490
966
696
428
769
658
656
43
743
854
280
842
653
579
752
528
282
820
331
943
512
801
288
207
521
67
334
231
214
117
702
723
800
880
543
923
742
710
588
128
833
850
813
683
810
289
367
786
390
733
938
990
526
65
124
573
471
831
638
95
794
701
704
783
442
423
402
695
912
730
726
530
13
657
488
849
425
464
900
187
835
616
892
894
483
869
746
587
851
127
469
235
149
983
103
867
193
167
773
641
948
215
421
1
326
508
259
145
589
968
55
899
693
555
27
538
159
575
168
140
370
243
384
147
104
646
257
485
672
240
903
473
772
337
455
329
659
961
834
492
296
395
122
286
269
910
247
97
205
737
583
523
644
208
736
400
277
53
454
522
631
946
241
792
3
374
120
633
290
791
340
377
545
515
888
101
727
285
112
273
105
202
629
77
18
369
500
841
804
158
634
362
134
123
253
283
859
2
382
525
255
8
294
46
750
685
843
989
567
692
972
520
155
368
96
970
70
349
686
151
501
201
317
964
292
102
991
870
883
713
803
584
478
815
73
770
311
613
404
853
332
210
953
640
764
627
119
614
183
224
462
465
308
905
558
39
266
947
962
416
934
762
24
768
199
997
429
6
753
554
533
561
811
719
812
636
824
175
551
1000
271
580
885
782
565
38
781
141
998
293
939
777
822
882
322
950
623
510
189
353
524
662
380
637
45
625
787
863
275
242
219
999
458
797
441
759
180
585
703
497
304
877
435
161
410
139
33
739
621
222
474
755
447
924
821
108
594
177
717
333
856
760
661
419
611
449
901
148
354
130
917
744
82
932
302
920
261
99
129
996
866
978
982
931
28
305
527
375
542
776
204
606
716
4
796
420
502
437
278
549
388
928
577
146
178
553
445
35
871
823
872
532
517
740
586
630
985
403
69
891
406
550
830
460
330
798
475
598
493
908
229
171
876
75
132
327
506
699
125
439
233
844
615
979
41
198
238
319
30
660
60
814
36
609
335
857
731
767
58
230
965
617
600
401
342
677
17
603
766
251
260
645
941
427
664
63
256
597
444
306
898
185
793
684
133
906
321
186
732
190
291
86
647
413
874
945
930
568
689
927
884
252
784
100
481
838
818
281
470
94
519
706
164
15
160
93
482
16
154
287
76
687
987
649
607
802
721
156
868
355
974
466
963
711
363
958
498
64
921
295
272
450
341
593
389
138
881
509
484
697
651
361
313
489
179
22
451
537
936
310
499
221
391
691
902
654
680
848
265
712
681
85
217
826
911
42
203
346
976
949
807
745
316
357
957
477
495
211
738
789
51
89
351
618
729
605
170
106
622
679
544
635
10
107
336
937
143
194
126
604
206
417
