10000
9999
9998
9997
9996
9995
9994
9993
9992
9991
9990
9989
9988
5193
9986
9985
9984
9983
692
9981
9980
9979
9978
9977
4118
9285
9974
9973
9972
9971
9970
9969
9968
9967
6101
9965
9964
9963
9962
2017
9960
4114
9958
9957
9956
5309
9954
9953
9952
413
9950
9380
9948
9947
9946
6615
9341
9943
8891
5075
9940
9939
9938
9937
9071
9935
9934
9933
9932
9931
3007
9929
9928
9927
9926
9925
9924
9923
9922
9921
8879
9919
9918
9917
9916
9915
9914
9913
6883
9911
9910
9909
9908
7090
6537
9905
9904
9903
9902
9901
5521
9899
9898
9897
9896
9895
9894
4238
9892
9891
4016
9889
9888
9887
9886
9885
1551
9883
5142
9881
9880
9879
9878
9877
9876
9875
9874
9873
9872
9871
1442
3756
9868
3332
9866
9865
9864
9863
6814
9861
9860
9859
7435
9857
9856
9855
9854
9853
9852
9808
9850
9849
9848
9847
9846
9845
9844
9843
9842
9841
9840
9839
9838
9837
9836
9835
6479
9833
9832
6358
9830
6043
9828
9827
9826
9825
9824
9823
9822
9821
9820
9819
9818
9817
9816
1792
7759
9813
9812
9811
9810
9809
9851
9807
9806
9805
253
9803
9802
9801
1716
1974
3271
9797
9796
3546
9794
9793
9792
9791
5190
9789
9788
7590
9786
9785
6042
9783
9782
6397
9780
9779
4026
9777
9776
3504
9774
9322
9772
9771
9770
9421
9768
9767
9766
9765
9764
9763
9762
9761
9760
9759
9758
5575
9756
9755
9754
3076
9752
9751
3523
8556
9748
9747
9746
8653
8094
9743
9742
2978
9740
9739
3530
9737
3667
9735
1767
6970
9732
4387
9730
9729
9728
9727
9726
9725
9724
9723
9722
9721
9720
9719
9718
9677
9716
9715
9714
9713
9712
9711
2761
9709
9708
9707
9706
9705
9704
9703
3659
9701
9700
9699
9698
9697
9696
9695
9694
9693
9692
9691
9690
9689
9688
9687
9686
5524
9684
9683
9682
9681
9680
9679
9678
9717
9676
9675
9674
9673
2344
9671
9670
9669
2210
9667
9666
9665
2534
9663
9662
7206
2786
9659
9658
9657
4803
5358
9654
9653
9652
9651
464
9649
9648
9647
9646
9645
9416
2837
9642
3154
5271
9639
9638
9637
9636
9635
9634
9633
8830
9631
9186
9629
7835
9627
9626
9625
9624
9623
9622
9621
9620
9619
6278
9617
9616
9615
9614
9613
9612
2943
9610
9609
9608
9607
9606
9605
9604
9603
9602
9601
9600
9599
9598
9597
9596
9595
1994
9593
9592
7184
9590
9589
9588
5
9586
9585
9584
9583
9582
9581
4464
9579
9578
9577
9576
9575
9574
9573
9572
9571
9570
2048
9568
9567
9566
9565
4425
9563
9562
9561
9560
743
9558
9557
9556
9555
9554
9553
7603
9551
9550
9549
9548
9547
4403
9545
5493
9543
9542
9541
9540
9539
9538
9537
9536
3089
9534
9533
9532
9531
9530
9529
9528
9527
9526
9525
9524
9523
9522
9521
358
9519
5136
9517
9516
9515
9514
9513
1938
9511
9510
9509
9157
9507
9506
9505
7399
9503
9502
9501
9500
9499
9498
9497
9496
9495
9494
9493
9492
2854
9490
9489
9488
9487
9486
9485
9484
9483
9482
9481
9480
9479
9478
9477
9476
9475
9474
9473
9472
9471
9470
9469
9468
9467
9466
9465
9464
9463
5067
9461
9460
7117
9458
7359
8146
9455
9454
9453
4574
9451
2502
9449
9448
9447
9446
9445
9444
9443
9442
9441
9440
9439
9438
2249
9436
9435
8928
9433
9432
9431
8791
9429
9428
9427
9426
9425
9424
9423
9422
9769
9420
9419
9418
9417
9644
9415
9414
9413
9412
9411
6994
9409
9408
9407
9406
9405
9404
9403
9402
2388
9400
9140
9398
9397
9396
9395
4250
9393
9392
9391
9390
6775
9388
9387
8732
8394
5647
9383
9382
9381
9949
1294
9378
9377
9376
9375
9374
9373
9372
9371
9370
9369
9368
4957
9366
9365
9364
9363
9362
9361
7447
9359
9358
9357
9356
9355
9354
9353
3103
9351
9350
9349
9348
9347
1193
9345
9344
9343
1877
9944
9340
9339
9338
9337
9336
9335
5049
9333
9332
9331
9330
9329
9328
9327
1409
6266
9324
9323
9773
2582
9320
3538
9318
8043
9316
9315
2427
9313
9312
9311
9310
6311
9308
9307
9306
1323
9304
9303
9302
9301
9300
4404
9298
9297
9296
9295
9294
9293
9292
9291
9290
9289
9288
9287
9286
9975
9284
9283
1746
9281
408
580
9278
9277
9276
9275
9274
9273
9272
9271
9270
9269
9268
9267
9266
9265
2039
1568
9262
9261
9260
9259
9258
9257
9256
5054
9254
9253
5093
9251
4015
1287
9248
9247
9246
5924
9244
9243
9242
9241
6944
2237
9238
9237
9236
8846
9234
9233
9232
6203
5611
9229
4208
9227
5103
9225
6822
9223
9222
9221
9220
9219
9218
38
5200
9215
9214
9213
9212
9211
9210
1312
9208
9207
9206
9205
9204
9203
9202
9201
9200
9199
9198
9197
9196
9195
9194
9193
9192
9191
9190
9189
9188
9187
9630
9185
7508
9183
9182
9181
9180
9179
9178
9177
9176
9175
9174
9173
9172
9171
9170
9169
9168
9167
9166
9165
9164
9163
6622
3721
9160
3631
1831
9508
9156
7301
9154
9153
9152
9151
3054
9149
9148
9147
9146
9145
9144
9143
5889
252
9399
9139
9138
9137
3606
9135
5887
9133
9132
9131
2233
9129
9128
9127
9126
1517
9124
9123
9122
9121
9120
232
9118
9117
9116
9115
9114
9113
9112
9111
6613
9109
2401
22
3139
9105
9104
2276
9102
9101
4408
9099
9098
9097
9096
9095
9094
9093
9092
9091
9090
4211
9088
6501
6617
9085
9084
9083
6400
9081
9080
9079
5006
9077
9076
9075
9074
6342
9072
9936
9070
9069
4001
9067
9066
9065
9064
9063
9062
3599
9048
8103
9058
9057
9056
9055
9054
9053
538
9051
7816
9049
9060
9047
6769
9045
9044
9043
9042
9041
9040
9039
9038
7857
9036
9035
9034
9033
9032
2967
9030
9029
9028
9027
3359
9025
2562
9023
9022
1037
9020
9019
8467
9017
174
9015
9014
9013
9012
9011
9010
6338
9008
9007
9006
9005
9004
9003
9002
6120
9000
4010
8998
8997
8686
8995
8994
7472
8992
8991
8990
8989
8988
8987
8986
8985
8984
8983
8079
8981
8980
8979
8978
8977
8976
8975
8974
8973
8972
8971
7597
8969
8968
6607
8966
8965
5569
5026
8962
8961
1814
6333
8958
8957
8956
8955
8954
8953
8952
8951
8950
8949
8948
8947
8946
8945
8944
8943
8942
8941
5292
4933
8938
8937
8936
8935
8934
3217
8932
2147
8930
8929
9434
8927
4945
8925
8924
8923
2884
5432
8920
6526
8918
8917
8916
6136
8914
8913
8912
8911
8910
8909
8908
5662
8906
8905
8904
8903
4704
8901
8900
8899
5771
8897
4237
8895
3118
7245
8892
9942
8890
8889
8888
5942
8886
8885
8884
8883
3373
8881
8880
9920
4029
8877
8876
8875
8874
8873
8872
6108
8870
8869
8868
8867
8866
8865
8864
8863
8862
8861
8462
8859
8858
8857
8856
3537
8854
366
8852
8851
8850
8849
1627
8847
9235
8845
8844
8843
8842
8841
8234
8839
8838
8837
8836
8835
8834
8833
8832
8831
9632
8829
8828
8827
8826
522
8824
8823
8822
8821
8820
8819
8818
8817
8816
8815
8814
8813
8812
8811
8810
2825
8808
8807
8806
8805
8804
8803
8802
8801
8800
8799
8798
8797
8796
8795
8452
8793
8792
9430
8623
8789
8788
8787
1596
8785
8784
8783
6536
6086
8780
8779
8778
453
583
8775
8774
8773
8772
8771
8770
8769
8768
8767
8706
8765
8764
3460
8762
8761
8760
8759
4331
8757
8756
8755
8754
8753
8752
8741
8750
8749
8748
8747
8746
8745
740
8743
8742
8751
4531
8739
8738
8737
8736
8735
8734
8733
9386
8731
6343
8729
8728
8727
8726
8725
8724
8723
8722
8721
8720
8719
8718
4717
8716
8715
7461
8713
8712
2497
8710
8709
8708
8707
8766
8705
7236
8703
8702
8701
8700
8699
8698
8697
8696
8695
6384
1683
2202
1244
8690
8689
8688
7453
8996
8685
8684
8683
8682
7043
8680
8679
8678
8677
8676
8675
8674
7780
8672
8671
8670
8669
8668
8667
8666
8665
8664
8663
7497
8661
8660
8659
8658
8657
8656
8655
8654
9745
8652
8651
8650
8649
8648
3776
8646
8645
8644
8643
8642
8641
8640
8639
8638
3201
8636
710
8634
8633
8632
6084
8630
8629
8628
8627
8626
8625
8624
8790
3906
973
8620
8619
8618
8617
5071
8615
8614
8613
8612
8611
8610
8609
8511
8607
5076
1950
7437
8603
8602
8601
8600
1384
8598
8597
8596
386
8594
8593
8592
8591
8590
8589
8588
8587
8586
8585
8584
8583
8582
8581
3416
8579
8578
8577
3566
8575
8574
4245
4423
8571
8570
7516
8568
7160
8566
8565
8564
7243
8562
942
8560
8559
1125
8557
9749
8555
8554
8553
8552
8551
2668
8549
8548
8547
8546
8545
8544
8543
8542
8541
2521
8539
8538
8401
8536
8535
5792
8533
8532
8531
795
8529
8528
8527
3820
8525
8524
8523
8522
8521
8520
8519
8518
8517
8516
8515
8514
8513
8512
8608
8510
5786
8508
5357
8506
8505
5174
8503
8502
8501
8500
8499
8498
8497
8496
6650
8494
5911
8492
8491
8490
4368
8488
8487
8486
8485
8484
8483
8482
8481
8480
8479
8478
8477
8476
8475
4072
71
5270
8471
8470
8469
8468
9018
8466
8465
8464
8463
8860
8461
8460
8459
6236
8457
8456
8455
8454
8453
8794
8451
8450
8449
8448
8447
8446
6354
8444
8443
8442
8441
2421
8439
8438
8437
8436
8435
8434
7073
8432
8431
8430
8429
3797
8378
8426
8425
8424
8423
8422
8421
86
8419
8418
8417
8416
8415
8414
4895
8412
8411
8410
8409
8408
7868
8406
8405
7567
7962
8402
8537
8400
8399
8398
8397
8396
8395
9385
8393
137
8391
8390
8389
8388
4176
4224
6122
8384
8383
8382
8381
8380
8379
8427
8377
8376
8375
8374
8373
8372
8371
8370
8369
5807
8367
8366
8365
7548
8363
2804
822
8360
8359
8358
8357
8356
8355
8354
8353
8352
8351
8350
8349
8348
8347
8346
7325
8344
8343
8342
8341
8340
8339
8338
620
8336
8335
8334
8333
8332
8331
8330
7888
4475
8327
346
8325
8324
8323
4946
8321
8320
2038
8318
8317
8316
1522
8314
8313
8312
8311
8310
2537
8308
8307
8306
8305
8304
5706
5907
8301
8300
1022
1729
8297
8296
5365
8294
8293
8292
15
8290
8289
8288
2675
8286
8285
8284
8283
8282
8281
8280
8279
8278
8277
8276
8275
8274
8273
8272
8271
2190
8269
8268
7555
8266
8265
8264
128
6119
8261
8260
8259
8258
8257
8256
8255
8254
8253
5883
8251
8250
8249
8248
3796
8246
8245
4680
8243
8242
8241
8240
8239
8238
8237
8236
8235
8840
5872
8232
8231
1145
8229
8228
8227
8226
8225
8224
8223
8222
8221
8220
8219
8218
8217
8216
8215
8214
8213
8212
8211
8210
8209
8208
8207
8206
3057
8204
8203
8202
6818
8200
8199
8198
8197
8196
8195
2926
813
8192
8191
7802
8189
8188
8187
8186
6945
8184
8183
8182
8181
8180
8179
8178
8177
8176
8175
8174
8173
8172
8171
8170
8169
8168
8167
8166
8165
8164
8163
8162
8161
8160
8159
8158
8157
8156
8155
2801
8153
8152
8151
8150
8149
8148
8147
9456
8145
8144
8143
8142
8141
8140
8139
8138
8137
8136
8135
4562
8133
7464
8131
8130
8129
4937
8127
5764
8125
8124
8123
8122
8121
8120
5354
8118
8117
8116
8115
8114
8113
8112
8111
8110
8109
8108
8107
7188
8105
8104
9059
446
8101
8100
8099
8098
8097
8096
8095
9744
8093
5291
8091
8090
8089
8088
8087
8086
8085
8084
8083
8082
8081
8080
8982
6125
8077
2940
3337
8074
4908
8072
8071
8070
2025
615
8067
3353
8065
8064
752
8062
8061
5966
8059
8058
8057
8056
8055
3680
8053
8052
8051
8050
8049
8048
8047
8046
8045
8044
9317
8042
7016
8040
4727
8038
8037
8036
8035
3984
8033
5107
8031
8030
8029
8028
8027
8026
8025
8024
8023
8022
8021
8020
8019
8018
8017
8016
7850
8014
8013
8012
8011
8010
8009
8008
8007
8006
8005
7593
8003
8002
8001
8000
7999
7998
7997
7996
6913
7994
7993
2936
981
7990
7989
7988
7987
7986
7985
300
7983
7159
7981
7980
1235
7978
7977
4154
7975
7974
7973
7972
7971
7970
2531
7968
7967
7966
5022
5427
7963
8403
7961
7960
7959
7958
4537
7956
7955
7954
7953
224
7951
7950
1158
7948
7947
7946
118
3438
7943
7942
7941
7940
4377
7938
7937
4281
7935
7934
7933
7932
7931
7930
7929
7928
7927
7926
7925
7924
7923
3086
7921
7920
7919
7918
7917
7916
7915
7914
4260
7912
7911
7910
3260
7908
7907
7906
7905
7904
7903
7902
1905
7900
7899
7898
7897
7896
7895
7894
7893
7892
7891
7890
7889
8329
4793
7886
7885
7884
7883
7882
7881
7880
7879
4874
7877
7876
7875
7874
7873
7872
634
7870
7869
8407
7867
7866
7622
7864
7863
7862
7861
7860
7859
5302
9037
7856
7855
7854
7853
7852
7851
8015
2995
7848
7847
7846
7845
7844
7843
7842
7841
7840
164
7838
4876
7836
9628
7834
7833
5781
7831
7830
5696
7828
4453
7826
7825
7824
7823
7822
7821
7820
7819
7818
7817
9050
2282
7814
7813
7812
7811
7810
7809
2886
7807
7806
7805
7804
7803
8190
7801
602
7799
7798
7797
7796
7795
7794
7793
7792
7791
2515
7789
3674
1625
7786
3666
7784
7783
7782
7781
8673
7779
7778
7777
7776
7775
7774
7773
7772
7771
7770
7769
7768
7767
7766
7765
7764
7763
7762
7761
7760
9814
7758
1272
7756
7755
7754
7753
7752
3379
7750
7749
7748
7747
7746
7745
7744
7743
7742
6837
779
7739
7738
6410
7736
7735
7734
7733
6689
7731
1152
7729
7728
7727
7726
1267
7724
1945
220
7721
7720
7719
7718
7717
1345
7715
6809
7713
7712
4117
7710
7709
7708
7707
7706
7705
7704
7703
7702
7701
7700
1007
7698
7697
7696
3519
7694
7693
7692
7691
7690
7689
7688
797
4297
7685
7684
7683
7682
7681
1260
7679
7678
3102
7676
7675
7674
7673
7672
7671
7670
7669
7668
3785
7666
7665
7664
7663
7662
7661
7660
7659
7658
7657
7656
7655
7654
7653
7652
5061
7650
4246
7648
7647
7646
7645
7644
714
7642
7641
7640
7639
7638
7637
7636
7635
2246
7633
7632
7631
7630
7629
7628
7627
6611
1507
7624
7623
7865
7621
7620
7619
7618
7617
7616
7615
7614
7613
7612
7611
7610
3946
7608
7607
7606
7605
7604
9552
7602
7601
7600
7599
7598
8970
7596
7595
7594
8004
7592
7591
9787
6351
686
7587
5914
7585
7584
7583
7582
7581
7580
7579
7578
7577
7576
7575
3863
7573
7572
4732
7570
7569
7568
8404
7566
7565
6817
7563
7562
7561
5345
7559
687
7557
7556
8267
7554
7553
7552
7551
6315
7549
8364
7547
5670
7545
7544
7543
7542
7541
7540
7539
7538
7537
7536
7535
7534
7533
7532
7531
7530
7529
2506
7527
7526
7525
7524
7523
2543
7521
2150
7519
7518
7517
8569
7515
7514
34
7512
7511
7510
7509
9184
7507
7506
7505
7504
7503
1973
7501
7500
7499
7498
8662
7496
7495
7494
7493
7492
7491
7490
7489
7488
7487
7486
7485
7484
7483
7482
7481
7480
7479
7478
3384
7476
5303
7474
4498
8993
7471
1718
7469
7468
7467
7466
7465
8132
6115
7462
8714
7460
1263
7458
7457
7456
7455
7454
8687
7452
7451
6924
7449
380
9360
7446
7445
7444
7443
7442
7441
7440
7439
4085
8604
7436
9858
7434
3589
7432
3385
7430
7429
7428
7427
7426
7425
7424
7423
7422
7421
7420
6001
1598
7417
4215
1113
7414
7413
7412
7411
7410
7409
7408
7407
7406
7405
7404
7403
7402
7401
7400
9504
7398
7397
7396
7395
7394
7393
7392
7391
7390
7389
7388
7387
1463
7385
7384
7383
7382
7381
7380
7379
7378
7377
7376
7375
7374
4192
7372
2551
7370
5496
7368
7367
7366
7365
7364
7363
7362
7361
7360
9457
7358
7357
7356
7355
7354
7353
7352
7351
7350
4014
2919
7347
7346
7345
7344
4921
7342
7341
7340
7339
7338
7337
7336
7335
7334
7333
6166
7331
3286
7329
7328
6711
7326
8345
7324
7323
7322
5984
7320
7319
7318
7317
7316
6318
7314
2092
1838
7311
3614
7309
7308
7307
7306
7305
7304
7303
7302
9155
7300
7299
7298
7297
7296
7295
7294
7293
7292
7291
7290
7289
7288
7241
7286
7285
7284
7283
5627
7281
7280
7279
7278
7277
7276
7275
7274
7273
7272
7271
7270
2992
7268
7267
7266
7265
7264
7263
7262
7261
7260
7259
7258
7257
7256
7255
7254
7253
7252
7251
7250
2243
7248
7247
7246
8893
6473
8563
7242
7287
7240
7239
6948
7237
8704
7235
1858
7233
3106
7231
7230
2918
7228
7227
7226
7225
7224
7223
7222
7221
3905
7219
7218
6675
7216
7215
7214
7213
6626
7211
7210
7209
7208
7207
9661
7205
7204
7203
7202
7201
7200
7199
2508
7197
7196
1710
7194
7193
7192
7191
7190
7189
8106
305
7186
7185
9591
7183
18
6539
7180
7179
7178
7177
7176
7175
7174
7173
3178
7171
7170
7169
1181
7103
7166
5882
7164
7163
5761
7161
8567
7982
7158
7157
7156
7155
7154
7153
7152
3253
7150
7149
7148
788
7146
5424
7144
7143
4682
7141
7140
7139
7138
7137
7136
7135
7134
7133
4044
7131
7130
7129
7128
7127
7126
7125
6911
7123
7122
7121
7120
7119
7118
9459
7116
1394
7114
7113
7112
1362
7110
7109
7108
2932
7106
7105
4048
7167
7102
7101
7100
7099
7098
7097
7096
7095
7094
7093
2867
7091
9907
4077
6964
4275
7086
7085
4374
166
7082
7081
200
7079
7078
7077
7076
7075
7074
8433
7072
4134
7070
7069
7068
7067
7066
5545
7064
7063
7062
7061
7060
7059
7058
7057
2726
7055
7054
7053
7052
7051
7050
7049
7048
2714
7046
7045
7044
8681
7042
7041
7040
5681
7038
1487
7036
7035
7034
7033
7032
7031
7030
7029
7028
3498
5003
1045
7024
7023
7022
7021
7020
7019
7018
7017
8041
7015
7014
7013
4854
5166
7010
7009
7008
7007
7006
7005
7004
7003
7002
7001
7000
6829
6998
6997
6996
6995
9410
6993
6992
6991
6990
6989
6988
6987
6986
6985
6984
6983
6982
6981
1898
6979
6978
6977
6976
6975
6974
6973
6972
6971
9733
6969
6968
6967
6966
6965
7088
6963
6962
6961
6960
6959
6958
6957
6956
6955
6954
6953
6952
6951
32
6949
7238
6947
6946
8185
9240
2432
6942
6941
6940
6939
6938
529
6018
6935
6934
584
6135
6931
6930
6929
6928
6927
6926
6925
7450
6923
6922
6921
6920
6919
6918
6917
6916
6915
6914
7995
6912
7124
6910
6909
6908
6907
6906
6905
6904
6903
6902
6901
6900
6899
6898
6897
6896
3712
6894
6893
6892
6891
457
6889
3216
6887
6886
6885
6884
9912
6882
5779
866
6879
6878
6877
6821
6875
6874
6873
6872
6871
6870
6869
6868
6867
6866
6865
6864
6863
4047
3393
6860
6859
3026
6857
6856
2806
6381
6853
6852
6851
6850
6849
6848
2135
6846
6845
6844
6843
5294
6841
6840
6839
6838
7741
6836
5177
4510
6833
6832
6831
6830
6999
6828
6827
6826
6064
6824
6823
9224
6876
6820
6819
8201
7564
6816
6815
9862
6813
6812
6811
6810
7714
6808
6807
6806
6805
6804
6803
6802
6801
5626
6799
6798
6797
6796
6795
6794
6793
6792
6791
6790
6789
6788
6787
6786
6785
6784
6783
6782
6781
6780
6779
6778
6777
6776
9389
6774
6773
4905
6771
6770
9046
6768
6767
6482
6765
6764
5301
6762
1546
2
6759
6758
6757
6756
6755
6754
6753
6752
1261
6750
6749
6748
2463
6746
6745
6744
6743
6742
6741
6740
6739
6738
6313
6736
6735
6734
6733
6732
6731
6730
6729
6728
6727
6726
6725
6724
6723
6722
3548
6720
6719
6718
6717
6716
5753
6714
4718
6712
7327
6710
6709
6708
6707
6706
194
6704
6703
6702
6701
6700
6699
6698
6697
6696
6695
6694
2807
6692
6691
6690
7732
6688
6687
6686
6685
6684
6683
6682
6681
6680
4661
6678
6677
3919
7217
6674
6673
6672
6671
6670
6669
6668
6667
5881
6665
6664
6663
6662
6661
6660
6659
6658
6657
6656
6655
6654
6653
6652
6651
8495
6649
6648
6647
6646
3900
6644
6643
6642
6641
6640
6639
684
6637
6636
6635
6634
6633
6632
6631
6630
6629
6628
6307
7212
6625
6624
6623
9162
6621
3576
6619
6618
9086
6616
9945
3839
9110
6612
7626
6610
6609
6608
8967
6606
6605
6604
6603
6602
6601
6600
6599
6598
5243
6596
6595
6594
6593
6592
6591
6590
1773
6588
6587
6586
6585
6584
6583
6582
5378
6580
6579
6578
6577
6576
6575
2758
6573
6572
6571
6570
6569
6568
6567
6566
6565
6564
2839
6562
2850
6560
6559
6316
2722
6556
6555
6554
6553
6552
6551
6550
6549
6548
6547
6546
6545
6544
6543
6542
6541
6540
7181
6538
9906
8782
6535
6534
6533
6532
6531
6530
6529
6528
6527
8919
6525
6524
6523
1128
6521
6520
6519
6518
4098
6516
6515
6514
6513
6445
4913
6510
6509
6508
6507
6506
6505
559
6503
6502
9087
6500
6499
6498
4454
6360
6495
6494
6493
6492
6491
6490
6489
6488
2354
6486
2226
6484
6483
6766
6481
6480
9834
6478
6477
6476
2244
6474
7244
6472
6471
6470
5616
6468
6467
6466
3164
6464
6463
6462
6461
6460
6459
6458
6457
6456
6455
2424
2371
6452
6451
6450
6449
6448
6447
6225
6512
6444
6443
6442
6441
6440
6439
6438
6437
6436
6435
6434
6433
6432
6008
6430
6429
4509
6427
6426
6425
6424
4880
6422
6421
6420
6419
6418
1039
6416
6415
6414
6413
5263
6411
7737
6409
6408
6407
6406
6405
6404
6403
6402
6401
9082
6399
6398
9781
6396
5896
6394
6393
6392
4359
6390
6389
6388
5921
6386
6385
8694
6383
6382
6854
6380
6379
6378
6377
6376
352
6374
946
6372
3557
6370
6369
618
6367
1583
6365
6364
6363
6362
6361
6496
6359
9831
6357
5394
6355
8445
6353
6352
7589
6350
6349
6348
6347
6346
6345
6344
8730
9073
6341
6340
6339
9009
6337
6336
6335
6334
8959
6332
3799
6330
6329
6328
6327
6326
61
6324
6323
6322
5089
6320
6319
7315
6317
6558
7550
6314
6737
6312
9309
6310
6309
6308
6627
6306
6305
6304
6303
6302
6301
6300
6299
6298
6297
6296
6295
6294
6293
6292
6291
6290
6289
6288
120
6286
2392
6284
6283
6282
6281
6280
6279
9618
6277
641
6275
6274
6273
6272
6271
4270
1766
6268
6267
9325
6265
6264
6263
6262
6261
8
6259
6258
6257
6256
6255
2375
6253
6252
6251
6250
5692
6248
6247
6246
6245
6244
6243
6242
6241
6240
6239
6238
6237
8458
6235
655
6233
6232
6231
5101
6229
6228
6227
6226
6446
6224
3340
6222
6221
215
6219
6218
2101
6216
3771
6214
6213
6212
6211
3107
6209
6208
6207
6206
6205
4350
9231
4949
4103
6200
6199
6198
6197
6196
6195
6194
6193
6192
6191
6190
6189
6188
6187
6186
6185
6184
6183
6182
6181
6180
6179
4157
6177
6176
6175
6174
6173
6172
6171
6170
6169
6168
6167
7332
6165
6164
6163
6162
6161
6160
6159
6158
6157
6156
6155
6154
6153
6152
6151
6150
6149
6148
6147
2572
6145
6144
6143
6142
6141
6140
6139
6138
6137
8915
6932
6134
6133
6132
1096
6130
6129
6128
6127
6126
8078
6124
6123
8385
6121
9001
8262
6118
3492
2148
7463
6114
6113
6112
3654
6110
6109
8871
6107
6106
6105
6104
6103
6102
9966
6100
6099
6098
6097
6096
5610
6094
6093
6092
6091
4555
6089
6088
6087
8781
6085
8631
6083
6082
3262
6080
6079
6078
6077
6076
6075
6074
6073
6072
6071
6070
6069
6068
6067
1756
6065
6825
4263
6062
4466
6060
6059
6058
6057
6056
6055
6054
6053
6052
6051
6050
6049
6048
6047
6046
6045
6044
9829
9784
6041
6040
6039
6038
6037
6036
6035
6034
6033
6032
6031
6030
6029
6028
6027
6026
6025
6024
6023
6022
6021
6020
4598
6936
6017
6016
6015
6014
6013
6012
6011
6010
6009
6431
751
6006
6005
2486
6003
6002
7419
6000
5999
5005
3426
285
5995
5994
5993
5992
5991
5990
5989
5988
5987
5986
5985
7321
5983
5982
5981
5980
5979
5978
5977
5698
3122
5974
5973
5972
5971
5970
5969
5968
4977
8060
5965
5964
5963
5962
5961
3700
5959
5958
5957
5956
5955
5954
5953
5952
5951
5950
5949
5948
5947
5946
69
5944
5943
8887
5941
5940
5939
5938
5937
5936
5935
5934
5933
5932
5684
5134
5929
5928
5927
5926
1477
9245
5923
5922
6387
5920
5919
5918
3835
5388
5915
7586
5913
5912
8493
5910
808
5908
8302
5906
5905
5904
5903
5902
5901
5900
5661
5898
5897
6395
5895
5894
5893
5892
5891
5890
9142
5888
9134
5886
5885
5884
8252
7165
6666
5880
5879
5878
5877
5876
5875
5874
5873
8233
5871
5870
5869
5868
5867
5866
5865
2600
257
5862
5861
5860
4099
5858
5857
5856
5501
5854
5853
5852
5851
5850
5849
5848
5847
5846
201
3307
5843
5842
5841
5840
5839
5422
5837
5836
5835
5834
5833
5832
5831
1707
5829
5828
5827
5826
5825
1955
5823
5822
5821
5820
5819
5818
5817
5816
5815
5814
5813
5812
5811
5810
1351
5808
8368
5806
5805
5804
5803
5802
3826
5800
5799
3091
5797
5796
5795
5794
5793
8534
5791
5790
5789
5788
5787
8509
5785
5784
5783
5782
7832
5780
6881
5778
5777
5776
5775
5774
5773
5772
8898
5770
5769
5768
1949
5766
5765
8126
3184
2626
7162
5760
5759
5758
5757
5756
5755
5754
6715
5752
3569
5750
5749
5748
5747
5746
5745
5744
5743
5742
5741
5740
5739
5738
5737
5736
5735
5734
5733
5732
5731
3290
5729
3324
5727
5726
5725
1979
5723
5722
2141
5720
5719
5718
5717
5716
5715
5714
1701
5712
5711
5710
5709
5708
5707
8303
5705
5704
5703
5702
5701
5700
2679
5976
5697
7829
5695
5694
5693
6249
45
5690
5689
5688
5687
5686
5685
5931
5683
5682
7039
5680
5679
5678
5677
5676
5675
5674
2544
5672
5671
7546
5669
5668
5667
5666
5665
5664
4438
8907
5899
5660
5659
3380
5657
5656
5655
5654
5653
5652
5651
5650
5649
5648
9384
3087
5645
5644
5643
5642
2971
5640
5639
5638
5637
5636
5635
5634
5633
5632
5631
5630
1067
5628
7282
6800
1900
5624
5623
222
5621
5620
1902
5618
5617
6469
5615
5614
4798
5612
9230
6095
5351
5608
5607
5606
5605
5604
5603
3396
5601
1972
5599
5598
5597
5596
5595
290
5593
5592
5591
5590
5589
5588
5587
5586
5585
5584
5583
5582
5581
5580
5579
5578
3697
5576
9757
5574
5573
5572
5571
4820
8964
5568
5567
5566
5565
5564
5563
5562
2187
5560
5559
5558
3638
5556
5555
422
5553
5552
5551
5550
5549
5548
5547
5546
7065
5544
5543
5542
5541
5540
5539
2909
5537
5536
907
5534
5533
5532
5531
5530
5529
5528
5527
5526
4522
9685
5523
5522
9900
2224
5519
5518
5517
5516
5515
5514
5513
1089
3520
5510
5509
5508
5507
5506
5505
5504
5503
5502
5855
5500
5499
4518
5497
7369
3450
4548
9544
3917
5491
5490
5489
5488
5487
5486
5485
5484
5483
5482
5481
5480
5479
5478
5477
5476
5475
3593
5473
5472
5471
5470
5469
5468
5467
5466
2196
5464
5463
5462
5461
5460
4328
3190
5457
5456
5455
4887
5453
5251
5451
5450
5449
5448
5447
5446
5445
4545
5443
5442
5441
4572
5439
5438
5437
5436
5435
5434
5433
8921
662
5430
5429
5428
7964
4688
5425
7145
5423
5838
5421
5420
5419
5418
5417
5416
5415
5414
5413
5412
2342
5410
5409
5408
1296
5406
1044
5404
5403
5402
5401
5400
5399
5398
5397
5396
5395
6356
5393
5392
4053
5390
5389
5916
5387
5386
5385
4219
5383
5382
5381
5380
5379
6581
5377
5376
5041
5374
5373
5372
5371
5370
5369
5368
1788
5366
8295
5364
3453
5362
5361
5360
5359
9655
8507
5356
5355
8119
5353
5352
5609
5350
5349
5348
5347
5346
7560
5344
5343
214
2869
5340
1889
4813
3105
5336
952
5334
4824
5332
5331
5330
5329
5328
5327
5326
2718
5324
5323
5322
5321
5320
5319
5318
5317
5316
5315
5314
5313
5312
5311
5310
9955
5308
5307
5306
5305
5304
7475
7858
6763
5300
5299
5298
5297
507
5295
6842
5293
8940
8092
1337
5289
5288
5287
5286
350
4479
5283
5282
5281
5280
5279
5278
5277
5276
5275
5274
5019
274
9640
8472
5269
5268
5267
5266
1383
5264
6412
5262
5261
5260
5259
264
5257
5256
5255
4658
5253
5252
5452
5250
1003
5248
5247
5246
5245
5244
6597
5242
5241
5240
5239
5238
1123
5007
5235
5234
5233
5232
5231
5230
2005
5228
5227
5226
5225
5224
5223
5222
5221
4207
1058
5218
3365
5216
5215
5214
5213
5212
5211
3491
5209
5208
5207
5206
5205
5204
5203
5202
5201
9216
963
5198
5197
5196
5195
5194
9987
5192
5191
9790
5189
5188
5187
5186
5185
5184
5183
5182
2408
5180
5179
5178
6835
5176
5175
8504
4322
5172
5171
5170
5169
5168
5167
7011
5165
5164
5163
5162
5161
5160
5159
5158
5157
5156
5155
5154
447
5152
5151
5150
5149
5148
5147
5146
5145
5144
5143
9882
5141
5140
5139
5138
5137
9518
4087
5930
824
4605
5131
5130
5129
5128
5127
3848
5125
5124
5123
5122
853
5120
3925
5118
3980
5116
5115
5114
5113
3014
5111
5110
5109
5108
8032
5106
5105
1720
9226
5102
6230
2380
5099
5098
5097
5096
5095
5094
9252
5092
5091
5090
6321
5088
5087
3907
5085
5084
5083
5082
5081
5080
5079
5078
5077
8606
9941
5074
5073
5072
8616
5070
5069
5068
9462
5066
5065
5064
5063
5062
7651
5060
5059
5058
5057
5056
5055
9255
5053
5052
5051
5050
9334
5048
5047
5046
5045
5044
5043
5042
5375
5040
5039
5038
2318
4470
5035
5034
5033
5032
5031
5030
5029
5028
5027
8963
4341
5024
437
7965
5021
5020
5273
5018
5017
5016
4533
5014
5013
5012
5011
5010
5009
5008
5236
9078
5998
4739
7026
5002
5001
5000
4999
4998
1177
4996
3726
4994
1610
4992
4991
4990
1537
4988
4987
4986
609
4984
4983
4982
4981
4980
4979
4978
5967
4976
4975
4974
4973
4972
4971
4970
4969
4968
4967
4966
4965
4964
4963
4962
4712
4960
4959
4958
9367
4956
4955
2578
4953
4254
4951
4950
6202
4948
4947
8322
8926
4944
4943
4942
4941
4940
4939
4938
8128
4936
2022
4934
8939
4932
4931
4930
37
4928
4927
4926
4925
4924
4923
450
7343
4920
4919
4918
4917
4916
4915
4914
6511
4912
4911
4910
4909
8073
2947
4906
6772
4904
3873
4902
4901
4900
4899
4898
4897
4896
8413
4894
4893
2118
4891
4890
4889
4888
5454
4005
4885
4884
4883
4882
4881
6423
4879
185
4877
7837
4875
7878
4873
4872
4871
4870
4869
4868
39
4866
4865
4864
4863
4862
4861
4860
4859
4858
4857
3199
4855
7012
4853
4852
4851
4850
4849
4848
4847
4846
4845
4844
4843
4842
4841
4840
4839
4838
4837
4836
4835
4834
4833
4832
4831
4549
4431
4828
4827
4826
4825
5333
4823
4822
4821
5570
4819
4818
4817
4816
4319
4814
5338
4812
4567
4810
4809
4808
4807
4806
4805
4462
9656
4802
4801
4800
4799
5613
4797
4796
4795
4794
7887
4792
4791
4790
4789
4788
4768
3871
4785
4784
4783
4782
4781
4780
4779
4778
4777
4776
4775
4774
4773
438
4771
4770
4769
4787
4767
4766
4765
4764
4763
4762
4761
4760
4759
4758
4757
4756
1536
4754
4753
4752
4751
4535
4749
4748
4747
4746
4745
4744
4743
4742
4741
4740
5004
4738
4290
157
4735
4734
4733
7571
4731
4730
4729
4728
8039
4726
4725
4724
4723
4722
4721
4720
4719
6713
8717
4716
4715
4714
4713
4961
4711
4710
4709
4708
4707
4675
4705
8902
4703
4702
4701
4700
4699
4698
4697
4696
4695
4694
4693
4692
4691
4690
4689
5426
4687
4686
4685
4684
4683
7142
4681
8244
4679
4678
4677
4676
4706
4674
115
4672
4671
4670
4669
4668
4667
4666
4202
4664
4663
4662
6679
4660
4659
5254
4657
4656
4655
4654
4653
4652
4651
4650
4649
4648
4647
4646
4645
4644
4643
4642
4641
1871
4639
4638
4637
4636
4635
4634
4633
4632
4631
4630
4629
4628
4627
4626
4625
4624
4623
4622
4621
4620
4619
4618
4617
4616
4615
4614
4613
4612
4611
4610
4609
4608
4607
4606
5132
4604
4603
4602
4033
4600
4599
6019
4597
4596
4595
1790
3750
2034
4591
4590
4589
4588
4587
4586
4585
4584
4583
4582
4581
4580
4579
1199
4577
4576
4575
9452
4573
5440
4571
4570
4569
4568
4811
4566
4565
4564
4563
8134
4561
1709
4559
4558
4557
4556
6090
4554
4553
4552
1085
4550
4830
5494
4547
4546
5444
4544
4543
4542
4541
4540
4539
4538
7957
4536
4750
4534
5015
4532
8740
4530
4529
4528
4527
4526
4525
4524
4523
5525
4521
4520
2279
5498
4517
4516
4515
4514
4513
4512
4511
6834
6428
4508
4507
4506
4505
4504
4503
376
4501
4500
4499
7473
4497
4496
4495
4494
4493
4492
4491
3507
4489
4488
4487
4486
4485
4484
1648
204
4481
4480
5284
4478
4477
4476
8328
4474
4473
3100
4471
5036
4469
4468
4467
6061
4465
9580
4463
4804
287
4460
4459
4458
4457
4456
4455
6497
7827
4452
4451
4450
4449
4448
4447
4446
4445
4444
195
4442
4268
4440
4439
5663
4437
4436
4435
4434
4433
4432
4829
4430
4429
4428
4427
1672
9564
4424
8572
4422
4421
4420
4419
4418
4417
4416
4415
4414
4413
4412
4411
4410
4409
9100
4407
4406
4405
9299
9546
3736
4401
4400
4399
4398
4397
4396
4395
4394
718
243
4391
4390
4389
4388
9731
4386
4385
4384
3831
4382
4381
4380
4379
4378
7939
4376
4375
7084
4373
4372
4371
4370
4369
8489
4367
4366
4365
4364
4363
4362
4361
4360
6391
4358
4030
4356
3202
4354
4353
4352
4351
6204
4349
4348
4347
4346
4345
4344
2789
4342
5025
4340
4339
4338
4337
4336
4335
4334
4333
4332
8758
4330
4329
5459
4327
4326
3681
4324
4323
5173
4321
4320
4815
4318
4317
4316
4315
4314
4313
4312
4311
259
4309
4308
4307
4306
4305
4304
4303
4302
4301
4300
4299
4298
7686
4296
4295
4294
4293
4292
254
4737
4289
4288
4287
4286
4285
4284
4283
4282
7936
4280
4279
4278
4277
4276
7087
4274
4273
4272
4271
6270
4269
4441
598
4266
4265
4264
6063
4262
4261
7913
4259
4258
4257
1529
4255
4952
4253
4252
2907
9394
4249
4248
776
7649
8573
4244
4243
1732
3313
4240
4239
9893
8896
4236
4235
4234
4233
4232
4231
4230
4229
4228
4227
4226
4225
8386
4223
4222
4221
4220
5384
4218
4217
4216
7416
4214
4213
4212
9089
4210
4209
9228
5220
4206
4205
4204
4203
4665
4201
4200
4199
4198
4197
4196
4195
4194
4193
7373
4191
4190
4189
4188
1348
4186
4185
4184
4183
4182
4181
4180
162
4178
4177
8387
4175
4174
188
4172
4171
4170
4169
4168
4167
4166
4165
4164
4163
4162
4161
4160
4159
4158
6178
4156
4155
7976
4153
4152
4151
2899
4149
4148
4147
4146
4145
4144
4143
1936
4141
4140
4139
4138
4137
4136
4135
7071
4133
4132
4131
4130
4129
4128
4127
4126
4125
4124
1558
4122
4121
4120
4119
9976
7711
4116
4115
9959
1170
4112
4111
4110
3617
4108
4107
4106
4105
4104
6201
4102
2657
4100
5859
6517
4097
4096
4095
4094
4093
4092
4091
4090
4089
4088
5135
820
7438
4084
4083
4082
4081
4080
4079
4078
7089
4076
4075
4074
4073
8474
4071
4070
4069
4068
4067
4066
4065
4064
4063
4062
4061
4060
709
90
4057
4056
4055
4054
5391
4052
4051
4050
4049
7104
6862
4046
4045
7132
4043
4042
4041
4040
4039
4038
4037
4036
4035
4034
4601
4032
4031
4357
8878
4028
4027
9778
4025
4024
4023
4022
4021
4020
4019
4018
4017
9890
9250
7349
3063
4012
4011
8999
4009
4008
4007
4006
4886
4004
4003
4002
9068
4000
3999
3998
3997
3996
3995
3994
3993
3992
3991
271
3989
3988
3987
3986
3985
8034
3983
3982
241
5117
3979
3978
3977
3976
3975
3974
3973
3972
3971
3970
3969
3968
3967
3966
1172
3964
3963
3962
3961
3960
3959
3958
3957
3956
3955
36
3953
3952
3951
3950
3949
3948
3947
7609
3945
3944
3943
466
3941
3940
3939
3938
3937
3936
3935
3934
3933
3932
3931
3930
3929
3928
3927
3926
5119
3029
3923
3922
3921
3920
6676
3918
5492
3916
3915
3914
3913
3912
3911
3910
3909
3908
5086
8622
7220
3904
3903
3902
3901
6645
3899
3898
1451
3896
3895
3894
3893
3892
3891
3890
3889
3888
3887
3886
3885
3884
3883
3882
3881
3880
3879
3878
3877
3876
3875
3874
4903
3872
4786
3870
3869
3868
3867
1288
3865
3864
7574
3862
3861
3860
3859
3858
3857
3856
3855
3854
3853
3852
3664
3850
3849
5126
3847
3846
3845
3844
3843
3842
3841
3840
6614
3838
3837
3836
5917
3834
3833
3832
4383
3830
3829
3828
3827
5801
3825
3824
3823
3822
3821
8526
3819
3818
3020
3816
3815
3814
3813
3812
3811
3810
3809
3808
3807
3806
3805
3804
3803
3802
3801
3469
6331
3798
8428
8247
3795
3794
3793
3792
3791
3363
3789
1872
3787
3786
7667
3784
3783
3782
1835
1894
3779
3778
3777
8647
3775
3774
3319
3772
6215
407
3769
3768
3767
3766
3765
3764
3037
3762
3761
3760
3759
3758
1343
9869
3755
3754
3753
3752
3751
4593
3749
3748
3747
3746
3745
3744
3743
3742
2446
3740
3739
3738
3737
4402
3735
3734
3733
3732
3731
3730
3729
3132
3727
4995
3725
3724
3723
3722
9161
3720
3719
3718
3717
3716
3715
3714
3713
6895
3711
3710
3709
2255
3707
3706
3705
3704
3703
3702
3701
5960
3699
3698
5577
3696
3695
3694
3693
3692
3110
3690
3689
3688
3687
3686
3685
3684
3683
3682
4325
8054
3679
3678
3677
3676
3675
7788
3162
3672
3671
3670
3669
3668
9736
7785
3665
3851
3663
3662
3661
3660
9702
3658
3657
3656
3655
6111
3653
3652
3651
3650
3649
3648
3647
3646
3645
3644
3643
3642
3641
1642
3639
5557
3637
3636
3635
3634
3633
3632
9159
3630
3629
3628
3627
3626
3625
3624
3623
3622
1056
3620
3619
3618
4109
3616
3615
7310
3613
3612
3611
3610
3609
3608
3607
9136
3605
3604
3603
3602
3601
3600
9061
3598
1867
3596
3595
3594
5474
3592
3591
3590
7433
3588
3587
874
3585
3584
2826
3582
3581
3580
2975
3578
3577
6620
3575
3574
3573
3572
3571
488
5751
3568
3567
8576
3565
3564
3563
3562
3561
3560
3559
3558
6371
3556
3555
3554
3553
3552
3551
3550
3549
6721
3547
9795
3545
3544
3543
3542
3541
3540
3539
9319
8855
3536
3535
3534
3533
3532
3531
9738
3529
3528
3527
3526
3525
3524
9750
3522
3521
5511
7695
3518
3517
311
3515
3514
3513
3512
3511
3510
3509
3508
4490
3506
3505
9775
3503
3502
3501
3500
3499
7027
3497
3496
3495
3494
1038
6117
5210
3490
607
3488
3487
3486
3485
3484
3483
3482
2198
3480
3479
3478
3477
3476
3475
3474
3473
3472
3471
3470
3800
878
3467
3466
3465
3464
3463
297
3461
8763
3459
3458
3457
3456
3455
3454
5363
3452
3451
5495
3449
3448
3447
1285
3445
3444
3443
3442
3441
3440
3439
7944
2568
3436
3435
3434
3433
3432
3431
3430
1562
3428
3427
5997
3425
299
3423
3422
3421
2072
3419
3418
3417
8580
3415
3414
3413
3412
3411
3410
3409
3408
3407
3406
3405
3404
3403
3402
3372
3400
3399
880
3397
5602
3395
3394
6861
2268
3391
3390
3389
3388
3387
968
7431
7477
3383
3382
3381
5658
7751
3378
3377
3376
3375
3374
8882
3401
3371
3370
3369
3368
3367
3366
5217
3364
3790
3362
3361
3360
9026
3358
3357
3356
3355
3354
8066
3352
3351
3350
3349
3348
3347
3346
3345
3344
3343
3342
3341
6223
1819
3338
8075
3336
3335
3334
3333
9867
3331
3330
3329
3328
3327
3326
3325
5728
3323
3322
3321
3320
3773
888
3317
3316
3315
3314
4241
2645
3311
3310
3309
3308
5844
3306
3305
3304
3303
3302
3301
3300
3299
3298
3297
3296
3295
3294
3293
3292
3291
5730
3289
3288
1962
7330
3285
1231
3283
3282
3281
3280
3279
3278
3277
3276
3275
3274
3273
3272
9798
3270
3269
3268
3267
3266
3265
3264
1211
6081
3261
7909
3259
3258
3257
3256
3255
3254
7151
3252
3251
3250
3249
3248
3247
3246
1574
2116
3243
3242
3241
3240
3239
3238
3237
3236
1180
3234
3233
3232
3231
3230
3229
3228
3227
3226
3225
3224
3223
3222
3221
3220
3219
3218
8933
6888
1316
3214
3213
3212
3211
3210
2609
3208
3207
3206
3205
3204
3203
4355
8637
3200
4856
3198
3197
3196
599
3194
3193
3192
3191
5458
3189
3188
3187
3186
3185
5763
3183
3182
3181
3180
3179
7172
3177
3176
3175
3174
3173
3172
3171
3170
3169
3168
3167
3166
3165
6465
3163
3673
3161
3160
3159
3158
3157
3156
3155
9641
3153
3152
3151
3150
3149
3148
3147
3146
3145
3144
3143
3142
3141
3140
9106
3138
3137
3136
3135
3134
3133
3728
3131
3130
3129
3128
3127
3126
3125
3124
211
5975
3121
3120
3119
8894
3117
3116
3115
3114
3113
3112
3111
3691
3109
3108
6210
7232
5337
3104
9352
7677
3101
4472
3099
3098
3097
3096
3095
3094
3093
3092
5798
3090
9535
3088
5646
7922
3085
3084
3083
3082
3081
3080
3079
3078
3077
9753
3075
3074
3073
3072
1250
3070
3069
3068
3067
3066
3065
3064
4013
3062
3061
3060
3059
3058
8205
3056
3055
9150
3053
3052
3051
3050
3049
3048
3047
3046
3045
455
3043
3042
3041
3040
3039
3038
3763
3036
3035
3034
3033
1878
3031
3030
3924
3028
3027
6858
3025
3024
3023
3022
3021
3817
3019
3018
3017
3016
3015
5112
3013
3012
3011
3010
3009
3008
9930
3006
3005
3004
3003
3002
3001
3000
2999
2998
2997
2996
7849
2994
2993
7269
2991
2990
2989
2988
2987
2986
2985
1890
2983
2982
2981
2980
2979
9741
2977
2976
3579
2974
2973
2972
5641
2970
2969
2968
9031
2966
331
2964
2963
2962
2961
862
2959
2958
2957
2410
2955
2954
2953
2952
2951
2950
2949
2948
4907
2946
2945
2944
9611
2942
2941
8076
2939
2938
2937
7992
2935
2934
2933
7107
2931
2930
2929
2928
2927
8194
2925
2924
2923
2922
2921
2920
7348
7229
2917
2916
2915
2914
2913
2912
2911
2910
5538
2908
4251
2906
2905
2904
2903
2902
2901
2900
4150
2898
2897
2633
2895
2894
2893
2892
2891
2890
2889
2888
2887
7808
2885
8922
2883
2882
2881
2880
2879
2878
2877
2876
2875
2874
2873
2872
2871
2870
5341
2868
7092
1324
2865
2864
2863
2862
2861
2860
2859
2858
2857
2856
2855
9491
2853
2852
2851
6561
57
2848
2847
2846
2845
2844
2843
2842
2841
2840
6563
2838
9643
2836
2835
2834
2833
2832
2831
2830
2829
2828
2827
3583
8809
2824
2823
2822
2821
2820
2819
2818
2817
2816
2815
2814
2813
2812
2811
2810
2809
2808
6693
6855
2805
8362
2803
2802
8154
2800
2799
2798
936
2796
2795
998
2793
2792
1918
2790
4343
2788
2787
9660
2785
2784
2783
72
2781
2780
2779
2778
2777
2776
2775
2774
2773
1559
2771
2770
2769
2768
2767
2766
2765
2764
2763
2762
9710
2760
2759
6574
2757
2756
2755
2754
2753
2752
2751
2750
2749
2748
2747
2746
2745
2744
2404
2742
2741
2740
2739
2738
2737
2736
2735
2734
2733
2732
2731
2730
2729
2245
2727
7056
2725
2724
2723
6557
2721
2720
2719
5325
2717
2716
2715
7047
2713
2712
2711
2710
2709
2708
2707
2706
2705
2704
2703
2702
2701
2700
2699
2698
2697
2696
2695
2694
2693
2692
2691
2690
1920
2688
2687
2686
2685
2684
2683
2682
2681
2680
5699
2678
2677
2676
8287
2674
2673
2672
2671
2670
2669
8550
2667
2666
2665
2664
2663
1590
2661
2660
2659
244
4101
2656
2655
2654
2653
2652
2651
2650
2649
2046
2647
2646
3312
2644
2643
2642
2641
2640
2639
2112
1825
2636
2635
2634
2896
2632
2631
2630
2629
2628
2627
5762
2625
2624
2623
2622
2621
2620
2619
235
2617
2616
2615
639
2613
2612
2611
2610
3209
2608
2607
2606
726
2604
2603
2602
2601
5864
2599
2598
2597
2596
2595
2594
2593
2592
1679
2590
2589
2588
2587
2586
2585
2584
2583
9321
2581
2580
2579
4954
2577
2576
2575
2574
761
6146
2571
2570
2569
3437
2567
2566
2565
2564
2563
9024
2561
2560
2559
2558
2557
2556
2555
2554
2553
2552
7371
2550
2549
2548
2547
2546
2545
5673
7522
2542
2541
2540
2539
2538
8309
2536
2535
9664
2533
2532
7969
2530
2529
2528
2527
2526
2525
2524
2523
2522
8540
2520
2472
2518
2517
145
7790
2514
2513
2512
2511
2510
2509
7198
2507
7528
2505
2504
2503
9450
833
2500
2499
2498
8711
2496
2495
2494
647
2492
2491
2490
2489
2488
2487
6004
2485
2484
2483
2482
2481
2480
2479
2478
2477
2476
2475
2474
2473
2519
2471
2470
2469
2468
2467
2466
2465
2464
6747
2462
2461
2460
2459
2458
2457
2456
2455
2454
2453
2452
2451
2450
2449
2448
2447
3741
2445
2444
2443
2442
2441
2440
2439
846
2437
2436
2435
2434
2433
6943
2431
2430
2429
2428
9314
2426
2425
6454
2423
2422
8440
2420
2419
2418
2417
2416
2415
2414
2413
2412
2411
2956
2409
5181
2407
2406
2405
2743
2403
2402
9108
2400
2399
2398
2397
2396
2395
2394
2393
6285
2391
2390
2389
9401
2387
2386
2385
2384
2383
2382
2381
5100
2379
2378
2377
2376
6254
2374
2373
2372
6453
2370
2369
2368
2367
2366
2365
2364
2363
2362
2361
2360
2359
2358
2357
2356
2355
6487
2353
2352
2351
2350
2349
2348
2347
732
2345
9672
2343
5411
2341
2340
2339
2338
2337
2336
2335
2334
2333
2332
2331
2330
2329
2328
2327
2326
2325
2324
2323
2322
2321
2320
2319
5037
2317
2316
2315
2314
2313
2312
2311
2310
2309
2308
2307
2306
2305
2304
2303
2086
2301
2300
1800
2298
2297
2009
2295
2294
2293
2292
2291
2290
2289
2288
2287
1848
2285
2284
2283
7815
2281
2280
4519
2278
2277
9103
2275
2274
2273
2272
2271
2270
2269
3392
2267
2266
2265
2264
2263
2262
2261
2260
2259
2258
2257
2256
3708
2254
2253
2252
2251
2250
9437
2248
2247
7634
2728
6475
7249
2242
2241
2240
2239
2238
9239
2236
2235
2234
9130
2232
2231
2230
2229
2228
2227
6485
2225
5520
2223
2222
2221
2220
2219
2218
2217
2216
2215
2214
2213
2212
2211
9668
2209
628
2207
2206
2205
2204
835
8692
2201
2200
2199
3481
2197
5465
2195
2194
2193
2192
2191
8270
2189
2188
5561
2186
2185
2184
2183
2182
2181
2180
2179
2178
2177
1247
2175
2174
2173
2172
2171
2170
2169
2168
2167
2166
2165
2164
2163
2162
2161
2160
2159
2158
2157
2156
2155
2154
2153
2152
2151
7520
2149
6116
8931
2146
2145
2144
2143
2142
5721
2140
2139
2138
2137
2136
6847
2134
2133
2132
2131
1064
2129
2128
2127
2126
2125
2124
2123
2122
2121
2120
2119
4892
2117
3244
2115
2114
2113
2638
2111
2110
2109
2108
2107
2106
2105
2104
2103
2102
6217
2100
2099
2098
2097
2096
2095
2094
2093
7313
2091
2090
638
2088
2087
2302
2085
2084
2083
2082
2081
2080
2079
2078
2077
2076
2075
2074
2073
3420
2071
2070
2069
2068
2067
2066
2065
2064
2063
2062
2061
2060
2059
2058
2057
2056
2055
2054
2053
2052
2051
2050
2049
9569
2047
2648
2045
2044
1061
2042
2041
2040
9264
8319
2037
2036
2035
4592
2033
2032
2031
2030
2029
2028
2027
2026
8069
2024
2023
4935
2021
2020
2019
2018
9961
2016
2015
2014
2013
2012
2011
2010
2296
2008
2007
2006
5229
2004
2003
2002
2001
2000
1999
1998
1997
1996
1995
9594
1993
1992
1991
1990
1989
1988
1987
1986
1985
1984
1983
1982
1981
1980
5724
922
1977
1976
1975
9799
7502
5600
1971
1970
1969
1968
1967
1966
1965
1964
1963
3287
1961
1960
1959
1958
1957
1956
5824
1954
1953
1952
1951
8605
5767
1948
1947
845
7723
1944
1943
1942
1941
1940
1939
9512
1937
4142
1935
1934
1933
1932
1931
1930
1929
1928
1927
1926
1925
1924
1923
1922
1921
2689
1919
2791
1917
1916
1915
1914
1913
1912
1911
1795
1909
1908
1907
1906
7901
1904
1903
5619
1901
5625
1899
6980
1897
1274
1895
3780
1893
1892
1891
2984
5339
1888
1887
1886
1885
1884
1883
1882
1881
1880
1879
3032
9342
1876
1875
1874
1873
3788
4640
1870
1869
1868
3597
1866
1865
1864
1863
1862
1861
1860
1859
7234
1857
1856
1855
1854
1853
1852
1851
1850
1849
2286
1847
1846
1845
1844
1843
1842
1841
1840
1839
7312
1837
1836
3781
1834
1833
1832
9158
1830
1829
1828
1827
1826
2637
1824
1823
1822
1821
1820
3339
1818
1817
1816
1815
8960
1813
1812
1811
1810
1809
1808
1807
1806
1805
1799
1803
1802
1801
2299
1804
1798
1797
1796
1910
1794
1793
9815
1791
4594
1789
5367
1787
1786
1785
1784
1783
1782
1213
1780
1779
1778
1777
1776
1775
1774
6589
1772
1771
226
1769
1768
9734
6269
1765
1764
1763
1762
1761
1760
1759
1758
1757
6066
1755
1754
1753
1752
1751
1750
1749
1748
1747
9282
1745
1744
1743
1742
1741
1740
1739
1738
1737
1736
1406
1734
1733
4242
1731
1730
8298
1728
1727
1726
1725
1724
685
1722
479
5104
1719
7470
1717
9800
1715
1714
1713
1712
1711
7195
4560
1708
5830
1706
1705
1704
1703
953
5713
1700
1699
1698
1697
1696
1695
1694
1693
1692
1691
1690
1689
508
1687
1422
1685
1291
8693
1682
1681
1680
2591
1678
1677
1676
1675
1674
1673
4426
1671
1670
1669
1668
1667
1666
1665
1664
1663
1662
1661
1660
1659
1658
1657
1656
1655
1654
1653
1652
1651
1650
1649
4483
1647
1646
1645
1644
1643
3640
1641
1640
1639
1638
1637
377
1635
1634
1633
1632
1631
1630
1629
1628
8848
1626
7787
1624
1623
1622
1621
1620
1619
132
1617
1616
1615
1614
1613
1612
1611
4993
1609
1608
1607
1606
1605
1604
1603
1602
1601
1538
1599
7418
1597
8786
1595
1594
1593
1592
1591
2662
1589
1588
1587
1586
1585
1584
6366
1582
1581
1580
1579
1578
1577
1576
1575
3245
1573
1572
1571
1570
1569
9263
1567
1566
1565
1564
1563
3429
1561
1560
2772
4123
1557
1556
1555
1554
1553
1552
9884
1550
1549
1548
1547
6761
1545
1544
327
1542
1541
1540
1539
1600
4989
4755
1535
1534
1533
1532
1531
1530
4256
1528
1527
1526
501
1524
1523
8315
1521
1102
1519
1518
9125
256
1515
1514
1513
1512
921
1510
1509
1508
7625
1506
1505
1504
1503
1502
1501
1500
1151
1498
1497
1496
1495
1494
1493
1492
1491
1490
1489
1488
7037
1486
1485
1484
1483
1482
1481
1480
1479
1478
5925
1476
1475
1474
1473
1472
1471
1470
1469
1468
1467
1466
1465
1464
7386
1462
1461
1460
1459
1458
1457
1456
1455
1454
1453
1452
3897
1450
1449
1448
1447
1446
1166
1444
1443
9870
1441
1440
1439
1438
1437
1436
1435
1434
1433
1432
1431
1430
1429
1428
1427
1426
1425
1424
1423
1686
1421
1420
1419
1418
1417
1416
1415
1414
1413
1412
1411
1410
9326
1408
1407
1735
1405
1404
1403
1402
1401
1400
1399
1398
1397
1396
1395
7115
1393
1392
1391
1390
1389
1388
1387
742
1385
8599
5265
1382
1381
1380
1379
1378
1377
1376
1375
1374
1373
1372
1371
1370
1369
1368
1367
1366
1365
1364
1363
7111
1361
1360
1359
1358
1357
1356
1355
1354
1353
1352
5809
1350
1349
4187
1347
1346
7716
1344
3757
1342
1341
1340
1339
1338
5290
1336
1335
1334
1333
720
1331
1330
1329
1328
1327
1326
1325
2866
9305
1322
1321
1320
1319
1318
1317
3215
1315
1314
1313
9209
1311
1310
1309
1308
1307
1306
1305
1304
1303
1302
1301
1300
1299
1298
1297
5407
1295
9379
1293
1292
1684
1290
1289
3866
9249
1286
3446
1284
1283
1282
1281
1280
1279
1278
1277
424
1275
1896
1273
7757
1271
1270
1269
1268
7725
1266
1265
1264
7459
1262
6751
7680
843
1258
1257
1256
1255
1254
1253
1252
1251
3071
1249
1248
2176
1246
1245
8691
1243
1242
1241
1240
1239
1238
1237
1236
7979
1234
1233
1232
3284
1230
1229
1228
1227
1226
1225
1224
1223
1222
1221
1220
1219
1218
749
1216
1215
1214
1781
1212
3263
1210
1209
1208
1207
1206
1205
1204
1203
1202
1201
1200
4578
1198
1197
1196
1195
1194
9346
1192
1191
1190
1189
1188
1187
1186
1185
1184
1183
1182
7168
3235
1179
1178
4997
1176
1175
1174
1173
3965
1171
4113
1169
1168
1167
1445
1165
1164
1163
1162
1161
1160
1159
7949
1157
1156
1155
1154
1153
7730
1499
1150
1149
1148
1147
1146
8230
1144
1143
1142
1141
1140
1139
1138
1137
1136
1135
1134
1133
1132
1131
1130
1129
6522
1127
1126
8558
1124
5237
1122
1121
1120
1119
1118
1117
1116
1115
1114
7415
1112
1111
1110
1109
1108
1107
1106
1105
1104
1020
1520
1101
1100
1099
1098
1097
6131
1095
1094
1093
1092
1091
1090
5512
1088
1087
1086
4551
1084
1083
1082
1081
1080
1079
1078
1077
1076
1075
1074
1073
1072
1071
1070
1069
1068
5629
1066
1065
2130
1063
1062
2043
1060
1059
5219
1057
3621
1055
1054
1053
1052
1051
1050
1049
1048
1047
1046
7025
5405
1043
1042
1041
1040
6417
3493
9021
1036
1035
1034
1033
1032
1031
1030
1029
1028
1027
1026
1025
1024
1023
8299
1021
1103
1019
1018
1017
1016
1015
1014
1013
286
1011
1010
1009
1008
7699
1006
1005
1004
5249
1002
1001
1000
999
2794
997
996
995
994
993
992
991
990
989
988
987
986
985
984
983
982
7991
980
979
978
977
976
975
974
8621
972
971
970
969
3386
967
966
965
964
5199
962
961
960
959
958
957
956
955
954
1702
5335
951
950
949
948
947
6373
945
944
943
8561
941
940
939
938
937
2797
935
934
933
932
931
930
929
928
927
926
925
924
923
1978
1511
920
919
918
917
916
915
914
913
912
911
910
909
908
5535
906
905
904
903
902
901
900
899
898
897
896
895
894
893
892
891
890
889
3318
887
886
885
884
883
882
881
3398
879
3468
877
876
875
3586
873
872
871
870
869
868
867
6880
865
864
863
2960
861
860
859
858
857
856
855
854
5121
852
851
850
849
848
847
2438
1946
844
1259
842
841
840
839
838
837
836
2203
834
2501
832
831
830
829
828
296
826
825
5133
823
8361
821
4086
819
818
817
816
815
814
8193
812
811
810
809
5909
807
806
805
804
803
802
801
800
799
798
7687
796
8530
448
793
792
791
790
789
7147
787
786
785
784
783
782
781
780
7740
778
777
4247
775
774
773
772
771
770
769
768
767
766
765
764
763
762
2573
760
113
758
757
756
755
754
753
8063
6007
750
1217
748
747
746
745
744
9559
1386
741
8744
739
738
737
736
735
734
733
2346
731
730
729
728
727
2605
725
724
723
722
721
1332
719
4393
717
716
715
7643
713
712
711
8635
4059
708
707
706
705
704
703
702
701
700
699
698
697
696
695
694
693
9982
691
690
689
688
7558
7588
1723
6638
683
682
681
449
679
678
677
676
675
674
673
672
671
670
669
668
667
666
665
664
663
5431
661
660
659
658
657
656
6234
654
653
652
651
650
649
648
2493
646
645
644
643
642
6276
640
2614
2089
637
636
635
7871
633
329
631
630
629
2208
627
626
625
624
623
622
621
8337
619
6368
617
616
8068
614
613
612
611
610
4985
608
3489
606
605
604
603
7800
601
600
3195
4267
597
596
595
594
593
592
591
590
589
588
587
586
585
6933
8776
582
581
9279
579
578
577
576
575
574
573
572
571
570
569
568
567
566
565
564
563
103
561
560
6504
558
557
556
555
554
553
552
551
550
549
548
547
546
545
544
543
542
541
540
539
9052
537
536
535
534
533
532
531
530
6937
528
527
526
525
524
523
8825
521
520
519
518
517
516
515
514
513
512
511
510
509
1688
5296
506
505
504
503
502
1525
500
499
498
497
496
495
494
493
492
491
490
489
3570
487
486
485
484
483
482
481
480
1721
478
477
476
475
474
473
472
471
470
469
468
467
3942
465
9650
463
462
461
460
459
458
6890
456
3044
454
8777
452
451
4922
680
794
5153
8102
445
444
443
442
441
440
439
4772
5023
436
435
434
433
432
431
430
429
428
427
426
425
1276
423
5554
421
420
419
418
417
416
415
414
9951
412
411
410
409
9280
3770
406
405
404
403
402
401
400
399
398
397
396
395
394
393
392
391
390
389
388
387
8595
385
384
383
382
381
7448
379
378
1636
4502
375
374
373
372
371
370
369
368
367
8853
365
364
363
362
361
360
359
9520
357
356
355
354
353
6375
351
5285
349
348
347
8326
345
344
343
342
341
340
339
338
337
336
335
334
333
332
2965
330
632
328
1543
326
325
324
323
322
321
320
319
318
317
316
315
314
313
312
3516
310
309
308
307
306
7187
304
303
302
301
7984
3424
298
3462
827
295
294
293
292
291
5594
289
288
4461
1012
5996
284
283
282
281
280
279
278
277
276
275
5272
273
272
3990
270
269
268
267
266
265
5258
263
262
261
260
4310
258
5863
1516
255
4291
9804
9141
251
250
249
248
247
246
245
2658
4392
242
3981
240
239
238
237
236
2618
234
233
9119
231
230
229
228
227
1770
225
7952
223
5622
221
7722
219
218
217
216
6220
5342
213
212
3123
210
209
208
207
206
205
4482
203
202
5845
7080
199
198
197
196
4443
6705
193
192
191
190
189
4173
187
186
4878
184
183
182
181
180
179
178
177
176
175
9016
173
172
171
170
169
168
167
7083
165
7839
163
4179
161
160
159
158
4736
156
155
154
153
152
151
150
149
148
147
146
2516
144
143
142
141
140
139
138
8392
136
135
134
133
1618
131
130
129
8263
127
126
125
124
123
122
121
6287
119
7945
117
116
4673
114
759
112
111
110
109
108
107
106
105
104
562
102
101
100
99
98
97
96
95
94
93
92
91
4058
89
88
87
8420
85
84
83
82
81
80
79
78
77
76
75
74
73
2782
8473
70
5945
68
67
66
65
64
63
62
6325
60
59
58
2849
56
55
54
53
52
51
50
49
48
47
46
5691
44
43
42
41
40
4867
9217
4929
3954
35
7513
33
6950
31
30
29
28
27
26
25
24
23
9107
21
20
19
7182
17
16
8291
14
13
12
11
10
9
6260
7
6
9587
4
3
6760
1
